$SPEC_ID:
No sample description was entered.
$SPEC_REM:
DET# 1
DETDESC# HPFP09 Alpha Aria SN 17289504
AP# Maestro Version 7.01
$DATE_MEA:
06/04/2024 11:29:08
$MEAS_TIM:
2689 2700
$DATA:
0 4095
       0
       0
       0
       0
       0
       0
       0
       0
       0
       0
       0
       0
       0
       0
       0
       0
       0
       0
       0
       0
       0
       0
       0
       0
       0
       0
       0
       0
       0
       0
       0
       0
       0
       0
       0
       0
       0
       0
       0
       0
       0
       0
       0
       0
       0
       0
       0
     674
     602
     534
     418
     385
     300
     282
     258
     225
     203
     171
     140
     112
     117
      91
      87
      75
      63
      55
      45
      31
      37
      25
      24
      32
      18
      24
      16
      18
      18
      17
      15
      10
      10
       9
       5
       6
      11
      10
      10
      11
       9
       8
      10
       8
       9
       7
       8
       3
       5
       6
       2
       7
       7
       4
       6
       6
       3
       2
       6
       0
       4
       9
       5
       4
       8
       4
       2
       5
       3
       4
       3
       0
       3
       3
       6
       2
       4
       6
       2
       6
       6
       3
       2
       3
       1
       2
       3
       5
       4
       5
       6
       1
       4
       2
       3
       3
       6
       1
       1
       4
       2
       4
       3
       7
       2
       2
       4
       4
       5
       3
       7
       2
       3
       3
       3
       3
       4
       2
       0
       1
       2
       1
       2
       4
       3
       3
       2
       1
       6
       4
       0
       5
       5
       1
       2
       6
       2
       0
       2
       4
       2
       4
       1
       1
       4
       1
       1
       1
       5
       2
       2
       2
       1
       4
       4
       0
       3
       2
       2
       2
       2
       2
       2
       2
       4
       4
       4
       1
       0
       2
       4
       4
       3
       1
       0
       5
       4
       1
       4
       0
       1
       2
       2
       0
       4
       3
       2
       3
       1
       0
       3
       2
       3
       2
       0
       1
       2
       1
       1
       3
       2
       0
       5
       2
       2
       3
       0
       0
       3
       1
       2
       2
       1
       1
       1
       2
       2
       1
       3
       2
       2
       2
       1
       4
       2
       2
       0
       3
       1
       1
       1
       0
       3
       1
       4
       0
       0
       1
       4
       2
       0
       0
       2
       1
       1
       0
       0
       1
       2
       1
       4
       2
       1
       0
       1
       4
       1
       2
       0
       1
       1
       1
       1
       3
       2
       1
       0
       1
       0
       1
       2
       1
       1
       2
       1
       1
       2
       0
       1
       3
       1
       2
       1
       1
       0
       1
       2
       2
       1
       3
       1
       3
       2
       0
       1
       0
       1
       0
       4
       1
       0
       0
       0
       1
       2
       2
       1
       1
       2
       0
       0
       5
       1
       2
       2
       0
       2
       0
       1
       1
       0
       0
       1
       0
       1
       1
       0
       1
       1
       0
       0
       3
       1
       3
       1
       0
       1
       0
       1
       0
       2
       3
       3
       0
       3
       1
       3
       0
       1
       2
       0
       1
       0
       2
       1
       3
       0
       1
       2
       2
       1
       1
       0
       2
       2
       0
       3
       1
       0
       1
       1
       1
       2
       2
       1
       1
       2
       0
       1
       0
       0
       2
       4
       0
       1
       0
       1
       3
       0
       3
       3
       0
       1
       1
       0
       3
       3
       0
       1
       0
       1
       2
       1
       0
       2
       3
       1
       4
       1
       0
       3
       0
       1
       3
       0
       0
       0
       4
       0
       0
       1
       2
       2
       1
       2
       3
       2
       3
       1
       1
       0
       4
       0
       1
       2
       0
       1
       0
       0
       2
       2
       3
       0
       0
       2
       0
       2
       0
       1
       0
       0
       0
       0
       1
       0
       2
       1
       2
       0
       4
       2
       1
       0
       0
       1
       1
       3
       0
       3
       1
       0
       0
       1
       2
       1
       0
       0
       0
       1
       1
       0
       0
       3
       4
       1
       0
       0
       1
       0
       1
       0
       1
       1
       1
       1
       2
       0
       1
       0
       2
       2
       1
       2
       0
       1
       1
       0
       0
       1
       0
       1
       0
       2
       1
       1
       0
       1
       0
       1
       0
       1
       2
       1
       1
       0
       0
       2
       0
       0
       2
       0
       0
       1
       2
       3
       0
       1
       0
       2
       0
       3
       1
       4
       0
       0
       4
       2
       1
       3
       0
       1
       1
       0
       0
       1
       1
       2
       3
       1
       2
       0
       0
       0
       2
       2
       0
       1
       0
       0
       0
       1
       0
       0
       0
       1
       0
       1
       0
       0
       2
       1
       0
       1
       4
       0
       1
       2
       2
       0
       2
       2
       2
       0
       3
       0
       0
       4
       1
       2
       0
       1
       2
       0
       0
       2
       1
       0
       1
       1
       3
       0
       1
       1
       0
       0
       0
       2
       1
       3
       2
       0
       2
       2
       4
       3
       0
       1
       0
       1
       1
       0
       1
       0
       0
       4
       0
       0
       2
       0
       0
       1
       2
       1
       1
       1
       1
       1
       0
       3
       3
       2
       1
       1
       4
       2
       0
       2
       0
       2
       1
       1
       1
       6
       0
       2
       2
       0
       1
       3
       2
       1
       1
       1
       2
       0
       0
       0
       0
       2
       2
       0
       2
       1
       2
       0
       2
       0
       2
       4
       1
       1
       0
       0
       2
       1
       1
       0
       1
       0
       4
       0
       2
       0
       2
       3
       1
       1
       3
       0
       3
       2
       3
       1
       2
       1
       1
       1
       3
       2
       1
       3
       3
       0
       1
       1
       0
       2
       2
       2
       0
       1
       0
       0
       4
       1
       0
       3
       1
       1
       2
       4
       1
       1
       2
       2
       0
       1
       4
       0
       1
       2
       0
       2
       2
       1
       1
       0
       1
       3
       0
       0
       2
       1
       2
       0
       0
       3
       0
       1
       0
       2
       2
       1
       1
       2
       1
       0
       0
       2
       0
       1
       2
       4
       4
       1
       1
       2
       2
       0
       1
       3
       1
       0
       2
       4
       2
       1
       0
       0
       3
       1
       2
       2
       3
       1
       2
       1
       2
       1
       2
       0
       0
       1
       0
       2
       1
       2
       3
       1
       2
       2
       3
       1
       2
       1
       1
       0
       0
       1
       1
       4
       1
       1
       2
       2
       2
       0
       1
       5
       0
       2
       1
       1
       1
       2
       0
       1
       2
       1
       1
       1
       1
       4
       1
       0
       1
       1
       0
       1
       2
       0
       2
       1
       2
       1
       2
       2
       3
       2
       4
       2
       4
       1
       1
       1
       2
       2
       2
       2
       1
       0
       4
       4
       1
       1
       0
       2
       1
       0
       2
       3
       0
       0
       2
       4
       0
       0
       0
       2
       0
       3
       0
       1
       0
       3
       2
       0
       1
       0
       0
       0
       3
       2
       0
       2
       0
       0
       2
       4
       4
       2
       3
       4
       3
       1
       0
       1
       2
       0
       0
       1
       0
       1
       2
       3
       1
       1
       1
       2
       2
       1
       1
       1
       1
       0
       2
       2
       3
       0
       1
       0
       0
       2
       2
       3
       0
       3
       2
       2
       0
       3
       3
       3
       2
       0
       2
       0
       0
       0
       4
       0
       4
       0
       2
       2
       0
       3
       3
       1
       1
       3
       3
       0
       2
       2
       2
       1
       1
       3
       1
       1
       2
       0
       1
       1
       3
       0
       0
       2
       1
       2
       0
       2
       1
       1
       4
       3
       0
       4
       2
       1
       0
       2
       2
       1
       5
       2
       6
       3
       1
       1
       0
       1
       1
       4
       5
       2
       2
       1
       0
       4
       0
       0
       2
       2
       1
       0
       0
       1
       2
       1
       2
       2
       3
       3
       2
       5
       1
       1
       1
       2
       1
       0
       0
       1
       0
       2
       1
       0
       1
       3
       1
       1
       3
       1
       2
       1
       3
       3
       0
       2
       0
       1
       0
       2
       1
       0
       1
       1
       2
       0
       2
       0
       1
       1
       4
       1
       3
       2
       1
       1
       3
       1
       4
       1
       0
       3
       1
       3
       3
       1
       3
       0
       1
       1
       1
       2
       3
       3
       2
       1
       2
       2
       1
       4
       1
       1
       1
       1
       3
       2
       2
       3
       5
       2
       2
       1
       0
       2
       3
       5
       1
       2
       3
       4
       3
       0
       0
       1
       1
       2
       0
       2
       1
       0
       2
       2
       2
       1
       3
       2
       4
       2
       1
       3
       3
       2
       1
       0
       3
       0
       2
       3
       0
       2
       1
       2
       4
       1
       2
       0
       0
       3
       0
       3
       3
       3
       1
       2
       3
       1
       1
       6
       3
       2
       3
       0
       4
       1
       2
       8
       4
       2
       1
       3
       2
       0
       1
       0
       1
       3
       2
       0
       2
       1
       1
       3
       2
       1
       2
       1
       2
       4
       0
       0
       1
       0
       3
       2
       1
       0
       3
       2
       2
       3
       1
       0
       0
       6
       8
       2
       1
       2
       3
       1
       1
       2
       0
       0
       6
       2
       2
       1
       1
       1
       1
       1
       4
       2
       3
       5
       2
       1
       1
       4
       2
       1
       1
       1
       1
       4
       1
       3
       1
       3
       0
       1
       4
       4
       2
       1
       5
       2
       1
       4
       0
       1
       2
       0
      10
       3
       4
       0
       2
       2
       1
       0
       3
       1
       1
       2
       4
       3
       3
       2
       4
       1
       0
       2
       2
       5
       1
       0
       2
       2
       3
       4
       3
       1
       1
       3
       0
       2
       1
       2
       2
       4
       1
       3
       2
       2
       6
       0
       3
       0
       5
       1
       3
       2
       3
       0
       2
       3
       3
       1
       2
       4
       3
       2
       3
       0
       3
       3
       3
       3
       2
      10
       0
       3
       1
       2
       5
       2
       3
       1
       1
       1
       1
       2
       3
       4
       5
       0
       2
       1
       3
       3
       0
       3
       3
       3
       2
       1
       1
       0
       1
       1
       0
       1
       2
       2
       4
       5
       5
       1
       1
       0
       2
       3
       3
       1
       4
       3
       1
       2
       2
       4
       3
       1
       1
       2
       1
       2
       1
       0
       0
       2
       1
       1
       5
       1
       1
       1
       2
       3
       3
       0
       2
       3
       1
       1
       2
       2
       1
       0
       1
       3
       1
       1
       2
       2
       4
       0
       0
       4
       1
       5
       2
       2
       1
       1
       2
       5
       2
       4
       2
       5
       3
       4
       3
       2
       3
       3
       0
       4
       3
       2
       0
       3
       1
       3
       2
       0
       3
       3
       2
       0
       1
       2
       0
       3
       1
       3
       1
       0
       1
       1
       6
       0
       2
       2
       2
       6
       1
       1
       0
       4
       1
       3
       1
       2
       3
       0
       2
       3
       4
       5
       0
       1
       7
       3
       5
       1
       1
       3
       0
       5
       4
       5
       3
       6
       2
       2
       1
       4
       1
       1
       4
       1
       1
       2
       4
       5
       3
       1
       3
       1
       3
       2
       7
       3
       1
       2
       3
       5
       3
       2
       4
       4
       5
       2
       5
       2
       5
       4
       2
       3
       2
       2
       3
       3
       3
       3
       1
       2
       2
       0
       4
       3
       4
       2
       5
       0
       3
       2
       4
       4
       3
       2
       3
       4
       4
       2
       3
       2
       0
       2
       1
       2
       5
       1
       2
       1
       3
       1
       3
       0
       3
       1
       6
       4
       2
       3
       0
       2
       5
       3
       0
       2
       6
       7
       2
       1
       2
       5
       1
       3
       2
       0
       1
       3
       3
       1
       2
       3
       5
       2
       2
       1
       4
       4
       4
       1
       4
       3
       2
       5
       4
       4
       1
       7
       3
       4
       4
       2
       1
       6
       3
       5
       1
       3
       4
       4
       4
       3
       1
       3
       1
       4
       4
       6
       4
       5
       4
       6
       4
       2
       0
       3
       2
       1
       5
       4
       4
       3
       4
       3
       4
       1
       3
       5
       5
       1
       2
       5
       1
       3
       2
       7
       1
       3
       5
       3
       2
       4
       5
       2
       4
       3
       5
       3
       5
       1
       3
       3
       4
       1
       4
       1
       4
       1
       2
       3
       5
       2
       3
       2
       2
       3
       3
       4
       2
       5
       3
       3
       3
       3
       3
       8
       2
       2
       2
       1
       4
       5
       3
       1
       1
       0
       3
       3
       2
       2
       3
       0
       3
       2
       6
       4
       2
       2
       2
       3
       4
       3
       4
       4
       4
       4
       3
       1
       4
       9
       3
       3
       5
       0
       4
       3
       4
       3
       2
       5
       6
       4
       5
       5
       5
       5
       1
       4
       2
       7
       3
       2
       5
       1
       7
       3
       5
       1
       3
       4
       4
       2
       1
       4
       4
       4
       1
       6
       3
       4
       7
       4
       6
       5
       5
       6
       7
       3
       6
       3
       4
       4
       2
       6
       1
       3
       2
       4
       4
       3
       3
       3
       1
       3
       4
       6
       3
       3
       5
       4
       4
       6
       6
       1
       4
       6
       1
       5
       5
       1
       1
       4
       9
       4
       2
       5
       5
       2
       5
       3
       0
       5
       2
       2
       1
       4
       3
       2
       3
       4
       4
       7
       4
       3
       4
       2
       2
       3
       4
       5
       4
       0
       6
       4
       6
       2
       6
       4
       2
       5
       5
       1
       5
       5
       7
       4
       2
       2
       2
       5
      10
       6
       4
       3
       3
       5
       9
       4
       5
       7
       1
       5
       5
       4
       5
       4
       4
       5
       7
       4
       1
       8
       3
       7
       3
       6
       4
       5
       3
       6
       3
       3
       5
       5
       3
       5
       5
       4
       5
       2
       6
       5
       7
       3
       5
       4
       4
       5
       3
       8
       4
       3
       5
       3
       7
       5
       5
       5
       6
       4
       5
       6
       2
       3
      10
       5
       6
       6
       6
       4
       3
       4
       2
       5
       0
       2
       3
       4
       7
       4
       3
       2
       4
       4
      10
       4
       4
       4
       8
       6
       6
       4
       6
       6
       5
       8
       7
       7
       7
       1
       6
       6
       4
       4
       9
       5
       8
       5
       4
       3
       6
       8
       5
       2
       9
       6
       8
       6
       3
       7
       7
       8
       4
       6
       5
       8
       7
       8
       5
       5
      10
       5
       4
       5
       9
       6
       6
       2
       6
       5
       8
       8
      10
       5
       6
       7
       3
       9
       0
       7
      16
       6
       8
       0
       3
       4
       2
       4
       7
       3
       5
       6
       7
       3
       4
       7
       6
       6
       3
       9
       7
       3
       6
       4
       7
       5
       6
       8
       7
       4
      11
       6
       6
       7
       7
       3
       9
       5
       4
       5
       6
       6
       7
       4
       4
       4
       5
      10
      10
      11
       5
       5
       7
       6
       7
       9
       8
       4
       8
       4
       4
       9
       6
       6
       4
       6
       5
       4
       6
       8
      10
       8
       7
       4
       4
      13
      11
       6
       5
       8
       5
       5
      11
       5
       3
       6
       4
       4
       9
       9
       4
       5
       6
       6
       8
       5
       7
       6
       6
       8
       6
       8
       6
       3
      10
       8
       4
       5
       9
       3
       7
       9
       4
       6
       7
      11
       6
       7
       5
       9
      12
       6
       9
      12
      11
       8
       1
       7
       9
      11
      12
       5
       8
       8
       7
      11
       7
       6
       8
       8
       8
      10
      12
       8
       9
       8
       8
      11
       8
       6
       9
       8
       6
       9
       2
       9
       4
       6
       6
       5
      10
       1
       4
      13
       7
       9
       5
       8
       6
       8
       7
       4
      16
       5
       5
       8
       7
      11
      11
      10
       9
       8
       6
       7
       3
       5
       8
       7
      10
       9
       8
       9
       5
       7
       6
       8
       7
       9
      10
       9
       8
       6
       5
       4
       6
      11
      11
      12
       8
      10
       9
       7
      12
       9
      13
       8
       7
      14
      12
      11
       9
       7
       4
       8
       5
       8
       3
       7
      12
       5
       8
      12
       9
       9
       7
       7
       8
      11
      11
       7
      12
       9
      12
       9
       6
       3
       7
      14
      11
      11
       9
       9
       5
       6
      11
      15
      11
       8
      12
      10
       8
      10
       4
      12
       8
       9
      12
      12
       8
       9
       8
      12
      14
       9
       7
       9
      11
      14
      12
       9
      10
      13
      10
       8
      10
      11
      10
      10
      14
      15
       5
       8
      17
      14
      16
      11
       5
      10
       8
      10
      10
      17
       8
       5
      17
       8
       9
      13
       6
       8
      16
      10
       8
      13
      11
      13
       4
       7
       9
      11
      11
      12
      16
      13
      12
       6
      17
       9
       6
      14
      14
      12
      16
      12
      15
       7
      12
      15
       4
      16
      19
      11
       5
       9
      12
      13
      12
      16
      11
      15
      13
      13
      11
      13
      10
      11
       8
      13
      10
      16
       4
      10
       8
      10
       7
      12
       6
      13
      10
      10
      14
      10
      16
      15
      16
      13
      10
      10
      21
      13
      15
      16
      12
      15
      13
      16
      13
      16
      12
       9
      20
      15
       8
      15
      13
      14
      17
       9
      11
      10
      12
      11
      11
      12
      10
       8
       9
      14
      17
      15
      18
      14
      18
      13
      12
      14
       9
      14
      12
      17
      19
      23
      16
      12
      12
      22
      13
      17
      16
      11
      21
      14
      17
      15
      15
      12
      13
      20
       9
      19
       8
      22
      14
      20
      16
      11
      14
      22
       8
      18
      19
      16
      19
      19
      14
      17
      19
      15
      11
      17
      16
      19
      22
      23
      15
      14
      12
      12
      19
      17
      14
      11
      18
      14
       9
      22
      13
      16
       9
       8
      21
      18
      13
      19
      13
      10
      15
      13
      12
      19
      22
      21
      17
      14
      25
      14
      15
      15
      11
      25
      12
      24
      17
      22
      20
      22
      19
      20
      13
      16
      10
      16
      14
      14
      22
      11
      23
      17
      21
      18
      22
      24
      22
      19
      18
      15
      33
      14
      17
      27
      21
      14
      23
      27
      14
      16
      16
      26
      14
      24
      22
      22
      23
      25
      23
      24
      12
      21
      15
      25
      24
      30
      24
      23
      28
      15
      26
      24
      11
      28
      18
      13
      23
      21
      23
      23
      25
      16
      24
      27
      12
      25
      27
      17
      28
      20
      24
      19
      24
      25
      20
      19
      18
      17
      20
      28
      28
      22
      18
      21
      22
      15
      21
      28
      23
      20
      22
      28
      23
      27
      24
      36
      29
      23
      19
      33
      30
      18
      21
      24
      22
      25
      24
      21
      32
      34
      25
      22
      24
      26
      31
      35
      24
      31
      23
      25
      23
      27
      22
      33
      23
      25
      37
      31
      35
      24
      38
      25
      25
      32
      28
      29
      40
      25
      32
      31
      37
      32
      43
      31
      30
      29
      33
      31
      30
      31
      32
      26
      33
      32
      23
      33
      34
      27
      22
      31
      32
      30
      35
      43
      38
      32
      35
      30
      39
      41
      41
      47
      30
      30
      31
      39
      35
      38
      33
      34
      51
      34
      32
      42
      45
      44
      44
      32
      40
      33
      43
      46
      40
      38
      44
      24
      48
      50
      36
      40
      46
      31
      40
      57
      34
      39
      36
      38
      52
      42
      43
      39
      53
      37
      43
      37
      50
      43
      36
      42
      47
      44
      44
      43
      46
      54
      38
      51
      39
      57
      46
      54
      49
      45
      38
      61
      46
      51
      40
      55
      44
      62
      56
      42
      42
      41
      50
      43
      55
      54
      72
      61
      61
      75
      55
      62
      52
      53
      49
      66
      63
      64
      64
      67
      49
      49
      65
      64
      61
      66
      55
      63
      70
      67
      62
      65
      77
      64
      67
      62
      60
      68
      57
      52
      64
      74
      87
      65
      84
      57
      63
      84
      75
      85
      60
      65
      60
      72
      78
      78
      72
      74
      72
      70
      77
      76
      69
      80
      79
      72
      75
      83
      75
      94
      75
      78
      80
      92
     102
      69
      81
      90
      89
      80
      78
      71
      84
      90
      97
      96
      89
     103
      94
      96
      91
     105
     110
      88
      94
     106
      90
     101
      82
     124
      98
      98
      87
     100
      97
     100
     113
     104
     112
      96
     131
     104
     102
     119
      97
     127
     117
     123
     140
     116
     105
     130
     131
     116
     112
     142
     123
     123
     143
     130
     137
     138
     139
     136
     136
     127
     150
     133
     163
     137
     147
     157
     153
     160
     166
     163
     182
     208
     171
     158
     183
     178
     183
     174
     212
     201
     194
     198
     192
     212
     225
     215
     220
     174
     223
     220
     210
     217
     217
     232
     233
     222
     237
     215
     228
     252
     249
     254
     235
     249
     269
     276
     259
     265
     316
     287
     272
     279
     318
     279
     315
     292
     332
     322
     346
     360
     324
     324
     306
     384
     339
     369
     368
     357
     407
     386
     406
     394
     417
     412
     464
     393
     440
     424
     486
     474
     472
     484
     449
     504
     533
     527
     536
     527
     523
     528
     535
     549
     578
     622
     572
     618
     615
     631
     639
     661
     710
     681
     739
     714
     740
     801
     748
     801
     830
     767
     829
     852
     824
     868
     890
     869
     944
    1024
     945
     987
     950
     963
    1022
    1079
    1136
    1064
    1095
    1071
    1121
    1214
    1205
    1258
    1278
    1393
    1329
    1367
    1385
    1398
    1420
    1425
    1514
    1573
    1477
    1605
    1600
    1639
    1720
    1719
    1744
    1769
    1765
    1851
    1916
    1965
    1930
    1925
    2135
    2171
    2225
    2229
    2233
    2260
    2368
    2376
    2456
    2509
    2567
    2606
    2639
    2800
    2877
    2794
    2856
    2995
    2958
    3082
    3048
    3107
    3225
    3375
    3380
    3551
    3433
    3542
    3706
    3758
    3789
    4016
    4093
    3991
    4190
    4136
    4155
    4469
    4488
    4560
    4676
    4786
    4984
    4995
    5099
    5080
    5281
    5249
    5406
    5493
    5654
    5846
    5885
    5936
    5999
    6249
    6341
    6415
    6522
    6551
    6752
    6952
    7007
    7181
    7150
    7312
    7452
    7497
    7764
    8007
    7819
    8276
    8274
    8513
    8786
    8765
    8934
    9249
    9262
    9559
    9709
    9634
    9803
   10073
   10346
   10263
   10680
   10775
   10741
   11094
   10954
   11223
   11401
   11590
   11661
   11631
   11793
   11960
   12283
   12361
   12366
   12738
   12635
   12718
   12855
   13148
   12940
   13012
   13204
   13131
   12916
   12887
   12450
   12063
   11582
   11298
   10597
    9898
    9188
    8288
    7610
    6597
    5921
    5273
    4691
    4026
    3567
    3216
    2759
    2386
    2189
    1957
    1743
    1645
    1471
    1329
    1201
    1078
    1005
     882
     848
     733
     670
     588
     511
     492
     450
     372
     338
     260
     269
     227
     185
     173
     150
     125
      88
      65
      58
      50
      31
      28
      30
      14
      16
      10
       6
       5
       3
       0
       2
       1
       1
       1
       0
       0
       1
       0
       1
       0
       1
       0
       0
       0
       0
       0
       0
       0
       0
       0
       0
       0
       0
       0
       0
       0
       0
       0
       0
       0
       0
       0
       0
       0
       0
       0
       0
       0
       0
       0
       0
       0
       0
       0
       0
       0
       0
       0
       0
       0
       0
       0
       0
       0
       0
       0
       0
       0
       0
       0
       0
       0
       1
       0
       0
       0
       0
       0
       0
       0
       0
       0
       0
       0
       1
       0
       0
       0
       0
       0
       0
       0
       0
       0
       0
       0
       0
       0
       0
       0
       0
       0
       0
       0
       0
       0
       0
       0
       0
       0
       0
       0
       0
       0
       1
       0
       0
       0
       0
       1
       0
       0
       0
       0
       0
       0
       0
       0
       0
       0
       0
       0
       0
       0
       0
       0
       0
       0
       0
       0
       0
       0
       0
       0
       0
       0
       0
       0
       0
       0
       0
       0
       0
       0
       0
       0
       0
       0
       0
       0
       0
       0
       0
       0
       0
       1
       0
       0
       0
       0
       0
       0
       0
       0
       0
       1
       0
       0
       0
       0
       0
       1
       1
       0
       0
       0
       0
       0
       0
       0
       0
       0
       0
       0
       1
       0
       0
       0
       0
       0
       0
       0
       0
       0
       0
       1
       0
       0
       0
       0
       0
       0
       0
       1
       0
       0
       0
       0
       0
       0
       0
       0
       0
       0
       0
       0
       1
       1
       0
       0
       1
       0
       0
       0
       1
       0
       0
       0
       0
       1
       0
       0
       0
       1
       0
       0
       0
       0
       0
       0
       0
       1
       0
       1
       0
       0
       0
       0
       0
       0
       0
       0
       1
       0
       0
       0
       0
       1
       0
       0
       1
       1
       0
       0
       0
       0
       0
       0
       0
       1
       0
       1
       0
       0
       1
       0
       0
       0
       1
       1
       0
       0
       0
       0
       0
       0
       1
       1
       1
       0
       2
       0
       0
       0
       0
       0
       0
       2
       2
       1
       0
       0
       0
       1
       2
       1
       0
       0
       0
       1
       1
       3
       1
       0
       0
       0
       1
       0
       1
       0
       0
       2
       1
       0
       1
       0
       0
       0
       1
       2
       0
       1
       1
       3
       1
       2
       1
       1
       1
       0
       0
       3
       3
       1
       2
       0
       0
       0
       2
       0
       1
       1
       1
       2
       1
       0
       0
       1
       0
       0
       1
       3
       1
       1
       0
       0
       1
       1
       0
       0
       2
       2
       0
       1
       1
       0
       0
       3
       1
       0
       0
       0
       0
       0
       2
       1
       0
       1
       0
       1
       0
       1
       0
       0
       0
       0
       1
       0
       0
       0
       0
       0
       1
       0
       0
       0
       0
       0
       2
       0
       1
       0
       0
       0
       1
       0
       0
       0
       0
       1
       0
       0
       0
       0
       0
       0
       0
       1
       0
       0
       0
       0
       0
       0
       0
       0
       0
       0
       0
       0
       0
       0
       1
       2
       1
       1
       0
       0
       0
       0
       0
       0
       0
       0
       1
       0
       0
       0
       0
       1
       0
       0
       0
       1
       0
       0
       0
       0
       0
       0
       1
       0
       0
       0
       0
       1
       0
       0
       0
       0
       0
       0
       2
       0
       0
       0
       0
       0
       1
       0
       0
       0
       0
       0
       0
       0
       2
       0
       0
       1
       0
       0
       1
       1
       0
       0
       0
       0
       0
       0
       1
       0
       0
       0
       1
       0
       0
       0
       0
       0
       0
       0
       2
       0
       0
       1
       1
       1
       0
       0
       0
       1
       0
       0
       1
       0
       0
       0
       0
       2
       0
       0
       0
       0
       0
       0
       0
       1
       0
       0
       0
       0
       0
       0
       0
       1
       1
       1
       0
       0
       0
       1
       1
       0
       2
       1
       0
       0
       0
       0
       1
       0
       0
       0
       1
       0
       0
       0
       1
       0
       0
       1
       0
       0
       1
       0
       0
       0
       0
       0
       0
       0
       1
       0
       1
       0
       0
       0
       0
       1
       1
       1
       0
       0
       0
       0
       0
       0
       0
       1
       0
       0
       0
       0
       1
       1
       0
       0
       0
       1
       1
       1
       0
       1
       0
       1
       0
       0
       1
       0
       0
       0
       0
       0
       0
       0
       0
       0
       1
       0
       0
       0
       1
       0
       0
       0
       0
       0
       0
       0
       1
       0
       0
       0
       1
       0
       0
       0
       1
       1
       2
       0
       0
       0
       0
       0
       0
       0
       0
       0
       0
       0
       0
       0
       0
       0
       1
       2
       0
       0
       0
       0
       0
       0
       1
       0
       0
       0
       0
       0
       0
       0
       1
       0
       0
       0
       0
       0
       0
       0
       0
       0
       0
       0
       0
       0
       0
       0
       0
       1
       1
       0
       0
       0
       0
       0
       0
       0
       0
       0
       0
       2
       0
       0
       0
       1
       0
       0
       1
       0
       0
       0
       0
       0
       1
       0
       1
       0
       0
       0
       0
       1
       0
       1
       1
       0
       0
       0
       0
       0
       1
       0
       2
       0
       0
       1
       1
       0
       0
       0
       1
       0
       1
       0
       0
       0
       2
       0
       0
       0
       0
       0
       0
       0
       0
       0
       0
       0
       0
       0
       1
       0
       1
       0
       0
       1
       0
       2
       1
       0
       0
       0
       0
       0
       0
       0
       0
       0
       0
       0
       0
       0
       0
$ROI:
0
$PRESETS:
Live Time
2700
0
$ENER_FIT:
0.000000 0.000000
$MCA_CAL:
3
0.000000E+000 0.000000E+000 0.000000E+000 
$SHAPE_CAL:
3
0.000000E+000 0.000000E+000 0.000000E+000
