$SPEC_ID:
No sample description was entered.
$SPEC_REM:
DET# 1
DETDESC# HPFP09 Alpha Aria SN 17289504
AP# Maestro Version 7.01
$DATE_MEA:
06/04/2024 09:28:50
$MEAS_TIM:
178 180
$DATA:
0 4095
       0
       0
       0
       0
       0
       0
       0
       0
       0
       0
       0
       0
       0
       0
       0
       0
       0
       0
       0
       0
       0
       0
       0
       0
       0
       0
       0
       0
       0
       0
       0
       0
       0
       0
       0
       0
       0
       0
       0
       0
       0
       0
       0
       0
       0
       0
       0
     171
     183
     145
     105
     113
     101
      91
      72
      74
      44
      54
      39
      37
      34
      26
      19
      22
      15
      15
      14
      19
      11
      15
       6
       7
       6
      10
       9
       9
       5
       6
       6
       6
       7
       3
       2
       4
       1
       3
       3
       0
       5
       2
       4
       1
       0
       2
       2
       1
       0
       2
       4
       0
       1
       1
       1
       2
       0
       1
       0
       0
       0
       2
       1
       0
       2
       1
       0
       0
       0
       1
       1
       1
       1
       4
       1
       0
       1
       2
       0
       0
       0
       1
       0
       0
       0
       1
       0
       1
       1
       0
       1
       0
       0
       0
       0
       1
       0
       0
       0
       2
       1
       0
       1
       0
       1
       1
       0
       2
       0
       0
       2
       0
       0
       0
       0
       0
       0
       0
       0
       0
       1
       0
       0
       2
       0
       0
       0
       0
       0
       0
       1
       0
       0
       1
       0
       0
       0
       1
       0
       3
       0
       0
       0
       0
       0
       0
       1
       0
       0
       0
       0
       0
       1
       1
       0
       1
       0
       0
       0
       0
       0
       0
       1
       0
       2
       1
       0
       0
       0
       0
       1
       0
       1
       0
       0
       0
       0
       0
       1
       0
       0
       0
       1
       0
       0
       1
       1
       0
       0
       0
       1
       0
       0
       0
       1
       1
       0
       0
       0
       0
       0
       0
       1
       0
       0
       1
       0
       0
       0
       0
       1
       0
       1
       0
       0
       0
       1
       0
       0
       0
       0
       0
       1
       0
       0
       1
       0
       0
       0
       1
       1
       0
       0
       0
       0
       0
       0
       0
       0
       0
       0
       1
       0
       1
       0
       2
       0
       0
       0
       1
       0
       0
       0
       0
       0
       1
       0
       0
       0
       0
       1
       1
       0
       1
       0
       0
       1
       0
       0
       0
       0
       0
       0
       0
       1
       0
       0
       2
       1
       0
       0
       1
       1
       2
       0
       0
       0
       0
       1
       0
       0
       0
       0
       0
       0
       0
       0
       0
       0
       0
       1
       0
       0
       0
       2
       0
       0
       0
       1
       1
       0
       0
       2
       0
       1
       1
       0
       0
       0
       2
       1
       0
       0
       0
       0
       0
       0
       0
       0
       0
       0
       1
       0
       0
       0
       0
       0
       0
       1
       0
       0
       0
       0
       0
       1
       0
       0
       1
       0
       0
       0
       0
       0
       0
       0
       0
       0
       0
       0
       0
       0
       0
       0
       0
       0
       0
       1
       1
       0
       0
       0
       0
       0
       1
       0
       1
       0
       0
       0
       0
       0
       0
       0
       0
       2
       0
       0
       0
       0
       1
       0
       0
       0
       0
       0
       0
       1
       1
       0
       1
       1
       0
       0
       0
       0
       0
       0
       0
       0
       0
       0
       0
       0
       0
       0
       1
       1
       0
       0
       0
       0
       1
       0
       0
       0
       1
       1
       0
       0
       0
       0
       0
       1
       0
       0
       0
       0
       0
       1
       0
       0
       0
       2
       0
       0
       0
       0
       0
       0
       0
       0
       0
       1
       0
       0
       1
       0
       0
       1
       0
       1
       0
       0
       0
       0
       0
       0
       1
       0
       1
       0
       0
       0
       0
       0
       0
       0
       1
       0
       0
       0
       0
       1
       0
       1
       0
       0
       0
       1
       0
       0
       0
       0
       0
       1
       0
       0
       0
       0
       0
       0
       0
       0
       0
       0
       0
       0
       0
       0
       0
       1
       0
       0
       0
       0
       0
       0
       0
       0
       0
       0
       0
       0
       1
       0
       0
       0
       2
       0
       0
       0
       1
       0
       1
       1
       0
       0
       0
       0
       1
       0
       0
       0
       1
       0
       0
       0
       0
       1
       0
       0
       0
       0
       1
       0
       0
       0
       1
       0
       0
       0
       0
       0
       0
       0
       1
       0
       1
       0
       2
       0
       1
       0
       0
       0
       1
       0
       0
       0
       0
       0
       0
       0
       1
       0
       0
       0
       0
       0
       1
       1
       0
       0
       0
       0
       0
       0
       0
       0
       1
       0
       1
       1
       0
       0
       0
       0
       1
       0
       0
       1
       0
       0
       0
       0
       0
       0
       0
       0
       2
       0
       0
       0
       0
       1
       2
       1
       1
       0
       0
       0
       1
       1
       0
       0
       0
       0
       0
       0
       0
       0
       0
       0
       0
       0
       1
       0
       1
       2
       0
       0
       0
       0
       0
       1
       0
       1
       0
       0
       0
       1
       1
       2
       0
       1
       0
       1
       0
       0
       0
       0
       0
       0
       0
       0
       1
       0
       1
       1
       0
       1
       0
       2
       1
       0
       0
       0
       0
       1
       0
       0
       0
       0
       0
       1
       0
       0
       0
       1
       0
       0
       0
       0
       0
       2
       0
       0
       0
       0
       0
       0
       0
       0
       0
       0
       0
       0
       0
       2
       0
       0
       0
       1
       0
       0
       0
       0
       0
       0
       0
       2
       0
       0
       0
       1
       0
       0
       0
       1
       1
       1
       0
       0
       0
       1
       0
       0
       0
       0
       0
       0
       0
       0
       1
       1
       0
       0
       1
       0
       1
       0
       0
       1
       0
       0
       0
       0
       0
       0
       0
       0
       1
       0
       0
       0
       0
       1
       0
       0
       0
       0
       1
       1
       0
       0
       0
       0
       2
       0
       0
       0
       0
       0
       1
       1
       1
       0
       0
       0
       1
       0
       0
       0
       0
       0
       0
       0
       0
       0
       0
       1
       0
       0
       0
       1
       0
       0
       0
       0
       1
       0
       0
       0
       0
       1
       0
       0
       1
       0
       0
       0
       0
       1
       0
       0
       1
       0
       0
       0
       0
       0
       0
       0
       0
       0
       0
       0
       0
       1
       0
       0
       0
       0
       0
       0
       0
       0
       1
       0
       1
       2
       0
       1
       1
       0
       0
       0
       1
       0
       0
       3
       1
       1
       1
       0
       0
       2
       0
       0
       1
       0
       0
       2
       2
       1
       1
       0
       0
       0
       0
       0
       0
       0
       0
       0
       0
       1
       0
       0
       0
       0
       0
       1
       0
       0
       0
       1
       0
       0
       0
       0
       1
       0
       1
       0
       0
       0
       0
       1
       0
       0
       0
       1
       1
       1
       0
       0
       1
       0
       1
       0
       0
       0
       1
       1
       0
       2
       0
       0
       0
       0
       0
       0
       2
       1
       0
       0
       0
       1
       1
       0
       0
       0
       0
       0
       0
       1
       0
       0
       1
       0
       0
       0
       1
       0
       0
       0
       0
       0
       0
       0
       0
       0
       0
       2
       1
       0
       0
       0
       0
       0
       0
       0
       0
       0
       0
       1
       1
       1
       0
       0
       0
       0
       0
       0
       0
       1
       0
       2
       2
       0
       1
       0
       0
       1
       2
       2
       1
       1
       1
       0
       1
       0
       0
       1
       0
       1
       0
       0
       0
       0
       0
       0
       0
       0
       0
       0
       1
       1
       0
       2
       2
       0
       0
       0
       4
       0
       2
       2
       0
       0
       1
       0
       0
       0
       3
       0
       2
       1
       0
       0
       1
       0
       0
       0
       0
       0
       0
       0
       0
       0
       0
       0
       0
       0
       1
       0
       1
       1
       0
       0
       1
       0
       1
       0
       0
       0
       0
       1
       0
       0
       0
       0
       0
       0
       0
       1
       0
       0
       0
       0
       1
       0
       1
       0
       0
       0
       0
       1
       0
       1
       0
       0
       0
       0
       2
       0
       0
       1
       0
       0
       0
       1
       0
       0
       0
       0
       1
       0
       0
       0
       0
       0
       1
       0
       0
       2
       0
       1
       1
       2
       0
       0
       0
       0
       0
       0
       0
       0
       1
       0
       1
       0
       1
       0
       0
       1
       1
       0
       1
       0
       1
       1
       0
       2
       1
       0
       0
       4
       1
       1
       0
       0
       1
       1
       1
       1
       0
       1
       0
       0
       0
       1
       0
       1
       0
       1
       0
       1
       0
       0
       0
       1
       0
       0
       1
       0
       0
       0
       1
       0
       3
       0
       1
       1
       1
       0
       1
       0
       1
       1
       1
       0
       1
       0
       3
       0
       0
       2
       1
       0
       1
       0
       0
       0
       3
       0
       2
       0
       0
       1
       0
       1
       0
       2
       0
       0
       0
       1
       1
       1
       1
       0
       0
       0
       2
       0
       0
       1
       0
       2
       1
       2
       1
       0
       0
       0
       1
       0
       0
       1
       0
       1
       2
       1
       0
       0
       2
       1
       0
       0
       1
       0
       1
       0
       1
       1
       1
       0
       2
       0
       0
       1
       0
       1
       0
       1
       1
       1
       0
       0
       0
       0
       1
       0
       0
       0
       0
       0
       0
       0
       0
       0
       1
       0
       2
       0
       0
       1
       1
       0
       0
       0
       2
       1
       0
       0
       1
       2
       1
       0
       0
       1
       0
       3
       1
       1
       1
       0
       1
       0
       0
       0
       0
       1
       3
       0
       1
       0
       0
       0
       0
       0
       1
       0
       0
       0
       1
       0
       2
       0
       0
       2
       1
       0
       2
       0
       0
       1
       0
       2
       1
       1
       0
       0
       2
       2
       2
       0
       0
       1
       2
       2
       0
       0
       0
       0
       0
       0
       0
       1
       0
       1
       0
       2
       0
       0
       2
       0
       3
       1
       1
       2
       0
       1
       0
       1
       1
       1
       2
       1
       0
       0
       0
       0
       0
       0
       0
       1
       1
       1
       1
       0
       1
       1
       0
       0
       0
       0
       1
       1
       0
       2
       1
       1
       1
       1
       1
       2
       2
       2
       0
       1
       0
       1
       0
       1
       2
       0
       1
       1
       0
       0
       0
       1
       0
       0
       0
       0
       1
       3
       0
       0
       1
       3
       2
       1
       3
       1
       0
       1
       1
       0
       0
       1
       0
       0
       1
       0
       0
       2
       1
       1
       0
       1
       0
       0
       0
       1
       0
       1
       0
       0
       0
       0
       1
       1
       0
       3
       0
       1
       0
       0
       1
       1
       0
       2
       1
       2
       0
       0
       1
       0
       0
       0
       2
       2
       0
       0
       1
       1
       1
       0
       0
       0
       4
       0
       0
       2
       0
       0
       1
       1
       0
       0
       0
       1
       0
       1
       1
       0
       2
       0
       3
       2
       1
       0
       2
       0
       0
       0
       1
       2
       0
       4
       0
       0
       0
       0
       1
       2
       0
       0
       2
       1
       0
       0
       0
       0
       0
       2
       0
       2
       2
       0
       2
       1
       1
       0
       3
       1
       0
       1
       2
       2
       0
       0
       0
       0
       0
       0
       2
       1
       0
       0
       1
       0
       1
       0
       0
       1
       2
       0
       0
       1
       0
       1
       0
       3
       2
       0
       1
       2
       0
       2
       0
       1
       3
       2
       1
       1
       1
       0
       0
       1
       1
       3
       1
       0
       1
       2
       3
       2
       1
       0
       1
       1
       0
       0
       1
       0
       0
       0
       1
       0
       1
       1
       0
       0
       0
       0
       1
       0
       0
       0
       1
       0
       1
       2
       2
       2
       1
       1
       1
       2
       0
       1
       0
       1
       2
       1
       1
       0
       0
       2
       1
       0
       0
       0
       0
       1
       1
       0
       3
       0
       1
       0
       2
       0
       2
       0
       1
       0
       0
       1
       0
       2
       2
       2
       0
       1
       3
       0
       1
       2
       1
       2
       1
       2
       3
       1
       2
       2
       1
       1
       1
       1
       0
       2
       2
       0
       1
       1
       0
       0
       1
       3
       0
       1
       2
       1
       3
       0
       0
       1
       1
       0
       1
       1
       1
       0
       2
       1
       1
       1
       0
       3
       2
       0
       3
       1
       0
       0
       0
       0
       0
       1
       2
       0
       0
       1
       1
       2
       1
       0
       3
       1
       2
       1
       0
       0
       0
       0
       1
       1
       2
       2
       0
       0
       1
       0
       1
       4
       4
       1
       1
       2
       1
       0
       3
       0
       0
       0
       0
       0
       4
       1
       2
       3
       0
       1
       0
       0
       1
       0
       2
       1
       1
       1
       2
       0
       1
       4
       1
       0
       0
       0
       0
       2
       1
       1
       1
       4
       0
       0
       0
       0
       3
       1
       1
       2
       0
       1
       0
       2
       1
       3
       2
       1
       0
       2
       1
       4
       0
       2
       2
       0
       4
       0
       1
       0
       2
       1
       0
       1
       0
       1
       1
       3
       0
       2
       0
       0
       2
       0
       0
       0
       0
       0
       1
       1
       0
       1
       1
       0
       0
       1
       1
       0
       0
       1
       0
       0
       1
       2
       0
       0
       3
       1
       0
       1
       1
       1
       1
       0
       1
       1
       0
       1
       3
       1
       4
       3
       0
       3
       2
       3
       1
       3
       3
       2
       6
       0
       0
       1
       1
       0
       0
       2
       2
       1
       2
       2
       1
       0
       1
       3
       1
       2
       1
       0
       2
       3
       1
       1
       2
       1
       2
       1
       0
       0
       0
       2
       0
       1
       0
       2
       1
       1
       2
       1
       1
       3
       1
       4
       0
       1
       0
       2
       0
       2
       1
       1
       2
       1
       0
       1
       2
       0
       1
       1
       2
       4
       1
       3
       0
       3
       5
       1
       2
       2
       1
       0
       2
       0
       0
       0
       2
       0
       0
       3
       1
       0
       0
       1
       2
       4
       2
       1
       1
       3
       1
       1
       3
       1
       1
       3
       2
       2
       3
       0
       1
       1
       2
       0
       1
       2
       0
       1
       0
       3
       1
       1
       2
       4
       1
       0
       2
       0
       3
       0
       2
       3
       2
       3
       4
       2
       0
       0
       0
       1
       0
       7
       3
       0
       1
       5
       2
       2
       1
       0
       3
       3
       1
       2
       1
       2
       3
       2
       3
       1
       2
       2
       1
       1
       1
       3
       1
       1
       0
       0
       5
       3
       0
       0
       3
       4
       3
       2
       1
       2
       1
       1
       1
       4
       0
       3
       3
       1
       3
       0
       2
       0
       4
       3
       0
       1
       1
       4
       1
       0
       1
       1
       0
       1
       1
       2
       3
       2
       2
       3
       3
       5
       2
       1
       0
       0
       2
       2
       5
       3
       1
       1
       3
       0
       3
       0
       2
       2
       3
       4
       2
       4
       1
       2
       3
       1
       5
       1
       0
       1
       2
       3
       2
       0
       2
       2
       2
       2
       3
       1
       4
       3
       2
       3
       3
       1
       2
       2
       4
       1
       4
       1
       3
       2
       1
       1
       2
       1
       0
       2
       2
       1
       1
       3
       3
       2
       1
       2
       2
       1
       2
       5
       4
       3
       2
       4
       3
       4
       1
       5
       3
       4
       2
       1
       3
       2
       5
       2
       0
       4
       2
       3
       3
       1
       2
       3
       4
       3
       3
       1
       3
       3
       4
       1
       4
       4
       1
       3
       4
       3
       3
       2
       2
       2
       4
       2
       0
       4
       1
       3
       4
       6
       1
       3
       3
       4
       4
       0
       5
       2
       3
       2
       1
       3
       3
       3
       3
       2
       3
       3
       1
       2
       2
       5
       4
       4
       3
       2
       2
       4
       2
       4
       1
       3
       1
       3
       2
       2
       7
       2
       2
       1
       1
       2
       3
       1
       5
       3
       4
       4
       4
       1
       7
       3
       2
       4
       2
       2
       1
       0
       3
       1
       1
       1
       4
       4
       1
       4
       1
       1
       4
       3
       2
       3
       1
       3
       3
       3
       4
       4
       0
       2
       5
       2
       5
       3
       4
       4
       6
       3
       5
       4
       1
       3
       4
       3
       2
       1
       0
       6
       7
       8
       1
       3
       4
       1
       5
       4
       4
       6
       4
       9
       4
       2
       2
       5
       3
       4
       2
       4
       0
       0
       0
       2
       5
       5
       4
       5
       2
       4
       5
       6
       4
       6
       5
       3
       2
       6
       5
       2
       2
       3
       3
       4
       4
       4
       1
       3
       2
       1
       2
       7
       2
       4
       5
      10
       4
       8
       4
       2
       5
       1
       0
       4
       5
       2
       3
       7
      10
       7
       4
       5
       6
       3
       3
       3
       6
       4
       6
       7
       6
       5
       4
       6
       6
       4
       0
       2
       5
       3
       6
       4
       3
       5
       9
       4
       2
       4
       7
       2
       5
       4
       4
       5
       5
       6
       4
       6
       1
       4
       9
       2
       5
       6
       2
       8
       5
       3
       5
       5
       9
       5
       9
       2
       3
       4
       5
       8
       5
       6
       2
       5
      11
       5
       7
       2
       3
       6
      10
       4
       6
       5
       8
       0
       5
       6
       8
       2
       7
      11
       5
       9
       8
       3
       5
       6
       1
       4
       8
       6
       9
       4
       2
       4
       5
       6
       4
       7
       5
       4
       6
       7
       5
       3
       7
       4
       7
       5
       4
       5
       7
       7
       4
      11
      15
       5
       4
       5
       6
       3
       5
       4
       9
       3
       5
       7
       9
       9
       9
      11
       6
       9
       4
       6
      10
       8
       9
       4
       5
       7
       5
       4
       3
       3
       7
       8
       5
       9
       6
      11
       4
       3
       8
       6
       6
       5
       7
      14
       2
       8
       7
      10
      10
       5
       7
      10
       9
      10
       8
      10
       8
       4
       4
       7
       9
       8
       4
       5
       3
       9
       5
       9
      13
      10
       4
      11
       4
       7
      11
       7
      10
       6
      17
       7
      11
       3
       5
       7
       8
      10
      14
       8
       9
      13
      10
      11
       4
      18
       9
       9
      11
       6
      13
      11
       9
       6
       6
       6
       7
       6
      12
       6
       6
      13
       9
       9
       9
      14
      14
      11
       6
       8
       9
      11
       5
       6
       8
      17
      11
       6
      10
       4
       9
       7
       9
       4
      11
       5
       9
       8
       6
      20
       7
      16
      12
       7
      13
      12
       9
       9
      15
      12
       7
      12
       6
       9
      11
      13
      10
      12
      11
      12
       6
      16
       8
      11
      13
       8
      14
      11
      11
      12
      12
      11
      10
      15
      17
      13
      13
      15
      16
      13
      16
      16
      16
      11
      11
      17
      19
      10
      14
      15
      16
      12
      14
       8
      13
      15
      14
      16
      13
      19
      21
      15
      12
      19
      12
      16
      18
      16
      17
       9
      16
      11
       8
      15
      12
      24
       6
      24
      14
      21
      22
      22
      10
      17
      17
      14
      15
      12
      18
      14
      11
      16
      17
      12
      17
      11
      12
      26
      19
      21
      16
      21
      15
      22
      15
      25
      16
      20
      26
      18
      21
      15
      15
      20
      19
      14
      18
      24
      20
      16
      20
      21
      21
      25
      21
      31
      19
      25
      21
      17
      16
      20
      24
      23
      22
      25
      26
      20
      23
      21
      18
      18
      13
      20
      29
      27
      24
      31
      17
      25
      22
      15
      19
      16
      22
      21
      23
      26
      30
      25
      25
      37
      31
      31
      22
      23
      21
      25
      28
      22
      29
      32
      31
      25
      21
      37
      32
      37
      29
      35
      29
      39
      38
      30
      28
      26
      35
      34
      27
      28
      38
      35
      25
      37
      37
      32
      22
      38
      53
      42
      40
      46
      25
      40
      41
      38
      43
      32
      42
      38
      32
      36
      51
      44
      47
      45
      37
      33
      41
      38
      50
      42
      47
      29
      31
      42
      37
      44
      46
      44
      49
      37
      61
      49
      53
      50
      54
      54
      37
      52
      52
      42
      43
      52
      41
      56
      53
      53
      53
      57
      47
      47
      48
      52
      52
      52
      51
      56
      62
      53
      57
      57
      52
      72
      58
      70
      62
      50
      67
      53
      59
      67
      69
      52
      55
      51
      67
      66
      58
      62
      63
      44
      71
      67
      62
      70
      70
      77
      88
      76
      66
      71
      76
      66
      60
      77
      71
      73
      76
      75
      83
      89
      84
     100
      84
      81
      83
      86
      98
     102
      88
      89
      90
      73
      83
     108
     108
     103
      96
      94
      99
     113
      90
     114
     107
     120
     120
      89
     106
      95
     108
     118
     100
     108
     120
     125
     133
     127
     132
     131
     115
     149
     128
     118
     118
     124
     142
     129
     126
     116
     125
     129
     139
     151
     144
     158
     155
     152
     146
     154
     159
     184
     135
     166
     192
     184
     169
     156
     168
     215
     170
     177
     169
     180
     165
     192
     207
     173
     175
     178
     178
     186
     201
     218
     224
     222
     198
     186
     209
     220
     205
     212
     203
     254
     226
     225
     214
     229
     240
     243
     254
     254
     261
     232
     255
     284
     283
     277
     274
     281
     290
     286
     308
     273
     306
     289
     278
     277
     335
     287
     315
     363
     336
     342
     324
     341
     333
     336
     324
     357
     376
     395
     342
     372
     358
     429
     419
     428
     390
     388
     436
     415
     440
     450
     462
     476
     445
     479
     479
     530
     474
     492
     522
     490
     505
     522
     530
     534
     470
     591
     580
     588
     569
     602
     562
     583
     601
     629
     675
     638
     666
     689
     641
     726
     657
     705
     654
     752
     708
     709
     760
     741
     834
     746
     792
     784
     826
     802
     872
     803
     855
     954
     870
     910
     875
     954
     921
     972
     969
    1005
     979
    1047
     990
    1000
    1040
    1029
    1064
    1041
    1104
    1074
    1165
    1104
    1091
    1111
    1096
    1223
    1179
    1210
    1212
    1202
    1242
    1271
    1379
    1310
    1332
    1330
    1332
    1389
    1350
    1282
    1374
    1432
    1342
    1353
    1418
    1381
    1406
    1353
    1416
    1441
    1455
    1353
    1471
    1338
    1464
    1321
    1410
    1449
    1426
    1455
    1350
    1378
    1352
    1269
    1249
    1294
    1167
    1187
    1023
    1039
    1011
     803
     849
     784
     771
     605
     647
     606
     545
     449
     440
     458
     417
     364
     361
     319
     260
     284
     255
     201
     206
     167
     173
     143
     143
     132
     123
     107
     119
      64
      75
      64
      57
      48
      34
      38
      21
      36
      23
      14
       8
      11
       6
       9
       3
       3
       6
       2
       1
       1
       1
       1
       0
       0
       0
       0
       0
       0
       0
       1
       0
       0
       0
       0
       0
       0
       0
       0
       0
       0
       0
       0
       0
       0
       0
       0
       0
       0
       0
       0
       0
       0
       0
       0
       0
       0
       0
       0
       0
       1
       0
       0
       0
       0
       0
       0
       0
       0
       0
       0
       0
       0
       0
       0
       0
       0
       0
       0
       0
       0
       0
       0
       0
       0
       0
       0
       0
       0
       0
       0
       0
       0
       0
       0
       0
       0
       0
       0
       0
       0
       0
       0
       0
       0
       0
       0
       0
       0
       0
       0
       0
       0
       0
       0
       0
       0
       0
       0
       0
       0
       0
       0
       0
       0
       0
       0
       0
       0
       0
       0
       0
       0
       0
       0
       0
       0
       0
       0
       0
       0
       1
       0
       0
       0
       0
       0
       0
       0
       0
       0
       0
       0
       0
       0
       0
       0
       0
       0
       0
       0
       0
       0
       0
       0
       0
       0
       0
       0
       0
       0
       0
       0
       0
       0
       0
       0
       0
       0
       0
       0
       0
       1
       0
       0
       0
       0
       0
       0
       0
       0
       0
       0
       0
       0
       0
       0
       0
       0
       0
       0
       0
       0
       0
       0
       0
       0
       0
       0
       0
       0
       0
       0
       0
       0
       0
       0
       0
       0
       0
       0
       0
       0
       0
       0
       0
       0
       1
       0
       0
       0
       0
       0
       0
       0
       0
       0
       0
       1
       0
       1
       0
       1
       1
       0
       0
       0
       0
       0
       1
       0
       0
       0
       0
       1
       0
       0
       0
       0
       0
       1
       0
       0
       0
       0
       0
       0
       1
       0
       0
       0
       0
       0
       0
       0
       1
       0
       0
       1
       1
       1
       0
       0
       0
       0
       0
       0
       0
       0
       1
       1
       0
       0
       0
       1
       0
       0
       0
       0
       0
       0
       0
       0
       0
       0
       0
       0
       0
       0
       0
       0
       0
       0
       1
       0
       0
       1
       0
       0
       0
       1
       0
       0
       1
       0
       0
       0
       0
       1
       0
       0
       0
       0
       2
       1
       0
       0
       0
       0
       1
       0
       0
       0
       0
       0
       0
       0
       0
       0
       1
       0
       0
       0
       1
       0
       0
       0
       0
       0
       1
       1
       1
       0
       0
       0
       0
       0
       1
       0
       0
       0
       0
       0
       0
       0
       0
       0
       0
       0
       0
       0
       0
       0
       0
       0
       0
       0
       0
       0
       0
       0
       0
       1
       0
       0
       0
       0
       0
       0
       0
       0
       0
       0
       0
       0
       0
       1
       0
       1
       0
       0
       0
       1
       1
       0
       0
       0
       1
       0
       0
       0
       0
       1
       0
       0
       0
       0
       0
       0
       0
       0
       0
       0
       1
       0
       0
       0
       0
       0
       0
       0
       0
       1
       0
       0
       0
       0
       1
       0
       0
       0
       0
       0
       0
       0
       0
       0
       1
       0
       0
       0
       0
       0
       0
       0
       0
       0
       0
       1
       0
       0
       0
       0
       0
       0
       0
       0
       0
       0
       0
       0
       0
       0
       0
       0
       0
       0
       0
       0
       1
       0
       0
       0
       0
       0
       0
       1
       0
       0
       0
       0
       1
       0
       0
       0
       0
       0
       1
       0
       0
       0
       0
       0
       0
       0
       0
       0
       0
       0
       0
       0
       0
       0
       1
       0
       0
       1
       0
       0
       0
       0
       0
       0
       0
       0
       0
       1
       1
       0
       0
       0
       0
       0
       1
       0
       0
       0
       0
       0
       0
       0
       1
       0
       0
       0
       0
       0
       0
       0
       0
       0
       0
       1
       0
       0
       0
       0
       0
       0
       0
       0
       0
       0
       0
       0
       0
       0
       0
       0
       0
       0
       0
       0
       1
       0
       0
       0
       0
       0
       0
       0
       0
       0
       0
       1
       0
       0
       0
       0
       0
       0
       0
       0
       0
       0
       1
       0
       0
       0
       0
       0
       0
       0
       0
       0
       0
       2
       0
       0
       0
       0
       0
       0
       0
       0
       1
       0
       0
       0
       0
       0
       0
       0
       0
       0
       0
       1
       0
       0
       1
       0
       0
       0
       1
       0
       0
       0
       0
       0
       0
       0
       0
       0
       0
       0
       0
       0
       0
       0
       0
       0
       0
       0
       0
       0
       0
       1
       0
       1
       0
       0
       0
       0
       0
       0
       0
       1
       0
       0
       0
       0
       0
       0
       0
       0
       0
       0
       0
       0
       0
       0
       0
       0
       0
       0
       0
       0
       0
       0
       0
       1
       0
       1
       0
       0
       0
       0
       0
       1
       0
       0
       0
       0
       0
       0
       0
       0
       2
       0
       0
       0
       0
       0
       1
       0
       0
       0
       0
       0
       0
       0
       0
       0
       0
       0
       0
       0
       0
       1
       0
       0
       0
       0
       0
       0
       0
       0
       0
       0
       0
       0
       0
       0
       0
       1
       0
       0
       0
       0
       0
       1
       0
       0
       0
       0
       0
       0
       0
       0
       0
       0
       0
       0
       0
       0
       0
       0
       0
       0
       0
       0
       0
       0
       0
       0
       0
       1
       0
       0
       0
       0
       0
       0
       1
       0
       0
       0
       0
       0
       0
       0
       0
       0
       0
       0
       0
       1
       1
       0
       0
       0
       0
       0
       0
       0
       0
       0
       0
       0
       0
       0
       0
       0
       0
       0
       0
$ROI:
0
$PRESETS:
Live Time
180
0
$ENER_FIT:
0.000000 0.000000
$MCA_CAL:
3
0.000000E+000 0.000000E+000 0.000000E+000 
$SHAPE_CAL:
3
0.000000E+000 0.000000E+000 0.000000E+000
