10.0600     0.000117800
10.0800     0.000118400
10.0900     0.000118900
10.1300     0.000121500
10.1400     0.000120500
10.1600     0.000122400
10.1900     0.000121000
10.2100     0.000122200
10.2300     0.000122600
10.2600     0.000122600
10.2800     0.000124000
10.3000     0.000124800
10.3300     0.000124700
10.3500     0.000126800
10.3600     0.000126400
10.4000     0.000128700
10.4100     0.000129000
10.4200     0.000129900
10.4600     0.000129200
10.4800     0.000130400
10.5100     0.000130600
10.5300     0.000132000
10.5400     0.000133200
10.5800     0.000132900
10.6000     0.000133700
10.6100     0.000133900
10.6500     0.000134800
10.6600     0.000136200
10.6800     0.000136700
10.7100     0.000138100
10.7200     0.000138300
10.7600     0.000140900
10.7700     0.000140700
10.8000     0.000142700
10.8300     0.000142100
10.8400     0.000142700
10.8500     0.000143000
10.8900     0.000144600
10.9000     0.000145800
10.9300     0.000144400
10.9600     0.000145600
10.9800     0.000147900
10.9900     0.000147700
11.0200     0.000148800
11.0400     0.000149800
11.0600     0.000149500
11.0900     0.000150300
11.1100     0.000151000
11.1400     0.000152300
11.1600     0.000153100
11.1700     0.000153800
11.2100     0.000154900
11.2300     0.000154900
11.2400     0.000157200
11.2800     0.000156800
11.2900     0.000158900
11.3100     0.000158700
11.3400     0.000160100
11.3500     0.000160000
11.3800     0.000163300
11.4100     0.000162200
11.4200     0.000163600
11.4400     0.000163500
11.4800     0.000163300
11.4900     0.000166900
11.5000     0.000167500
11.5400     0.000167300
11.5500     0.000169600
11.5900     0.000169000
11.6100     0.000171300
11.6200     0.000170400
11.6400     0.000172200
11.6700     0.000172400
11.6900     0.000173800
11.7900     0.000175200
11.7400     0.000175300
11.7500     0.000176400
11.7900     0.000179000
11.8000     0.000177800
11.8200     0.000180900
11.8600     0.000180900
11.8700     0.000182700
11.8900     0.000182200
11.9200     0.000184100
11.9400     0.000185000
11.9600     0.000187200
11.9800     0.000188400
12.0000     0.000189000
12.0400     0.000190700
12.0500     0.000190700
12.0700     0.000192800
12.1100     0.000192600
12.1200     0.000194400
12.1400     0.000196300
12.1700     0.000197400
12.1900     0.000199500
12.2000     0.000200000
12.2400     0.000201000
12.2500     0.000203500
12.2700     0.000205000
12.3100     0.000205600
12.3200     0.000208400
12.3500     0.000207700
12.3700     0.000210600
12.3800     0.000210600
12.4200     0.000213400
12.4400     0.000212900
12.4500     0.000215700
12.4900     0.000216800
12.5100     0.000218500
12.5200     0.000217500
12.5500     0.000220100
12.5700     0.000219600
12.6000     0.000222400
12.6200     0.000222700
12.6300     0.000225500
12.6700     0.000225800
12.6800     0.000228800
12.7000     0.000229200
12.7400     0.000231800
12.7400     0.000234100
12.7700     0.000234800
12.8000     0.000238400
12.8100     0.000238100
12.8300     0.000241100
12.8700     0.000243100
12.8800     0.000243700
12.9100     0.000245200
12.9400     0.000248700
12.9500     0.000250100
12.9600     0.000251700
13.0000     0.000254000
13.0200     0.000256600
13.0500     0.000258200
13.0600     0.000260100
13.0800     0.000261300
13.1000     0.000263900
13.1300     0.000265700
13.1500     0.000266600
13.1800     0.000270100
13.1900     0.000271500
13.2100     0.000273900
13.2500     0.000276000
13.2600     0.000277200
13.2800     0.000279800
13.3200     0.000283200
13.3300     0.000284400
13.3600     0.000286800
13.3800     0.000289100
13.3900     0.000291200
13.4100     0.000293500
13.4500     0.000296300
13.4700     0.000297700
13.5000     0.000299800
13.5200     0.000303400
13.5300     0.000304100
13.5600     0.000307500
13.5800     0.000309200
13.5900     0.000312900
13.6300     0.000316200
13.6400     0.000318500
13.6700     0.000321300
13.7000     0.000324400
13.7200     0.000325300
13.7400     0.000329100
13.7600     0.000330700
13.7800     0.000334400
13.8100     0.000335600
13.8300     0.000339600
13.8500     0.000343100
13.8800     0.000344300
13.9000     0.000347300
13.9100     0.000350300
13.9500     0.000353800
13.9700     0.000355200
13.9800     0.000358300
14.0100     0.000361600
14.0400     0.000364100
14.0400     0.000367200
14.0800     0.000369900
14.1000     0.000374000
14.1300     0.000376800
14.1400     0.000380000
14.1600     0.000383000
14.2000     0.000387500
14.2100     0.000389600
14.2300     0.000392600
14.2600     0.000396200
14.2800     0.000400800
14.2900     0.000404100
14.3200     0.000406700
14.3500     0.000412500
14.3600     0.000416200
14.3900     0.000418400
14.4100     0.000422300
14.4200     0.000427000
14.4600     0.000431000
14.4800     0.000434200
14.5100     0.000438700
14.5200     0.000442900
14.5400     0.000445900
14.5700     0.000450600
14.5900     0.000455700
14.6100     0.000459300
14.6400     0.000463200
14.6600     0.000468200
14.6700     0.000473800
14.7100     0.000478900
14.7200     0.000483800
14.7400     0.000488300
14.7700     0.000494100
14.7900     0.000498100
14.8200     0.000504800
14.8400     0.000511200
14.8500     0.000516000
14.8700     0.000522900
14.9100     0.000529200
14.9200     0.000535400
14.9600     0.000542500
14.9700     0.000551100
14.9800     0.000558900
15.0200     0.000568400
15.0400     0.000710100
15.0500     0.000834600
15.0900     0.000870700
15.1000     0.000905200
15.1200     0.000936800
15.1600     0.000967000
15.1700     0.000996700
15.1900     0.00102850
15.2200     0.00166560
15.2400     0.00170440
15.2700     0.00174650
15.2800     0.00178720
15.3000     0.00182950
15.3400     0.00187110
15.3500     0.00191300
15.3700     0.00195530
15.4000     0.00199390
15.4200     0.00202280
15.4300     0.00205740
15.4700     0.00209990
15.4800     0.00212070
15.5000     0.00214550
15.5300     0.00217150
15.5500     0.00219700
15.5700     0.00222620
15.6000     0.00225000
15.6100     0.00227080
15.6500     0.00229380
15.6700     0.00231530
15.6800     0.00233490
15.7200     0.00236600
15.7300     0.00237690
15.7400     0.00240570
15.7800     0.00242440
15.8000     0.00263340
15.8100     0.00271430
15.8500     0.00273550
15.8600     0.00274350
15.9000     0.00276080
15.9200     0.00274610
15.9300     0.00275170
15.9600     0.00274770
15.9800     0.00272430
16.0000     0.00270120
16.0300     0.00270070
16.0500     0.00268530
16.0600     0.00266710
16.1000     0.00265490
16.1100     0.00266630
16.1300     0.00266750
16.1600     0.00267240
16.1800     0.00268150
16.1900     0.00269370
16.2300     0.00270770
16.2500     0.00272150
16.2600     0.00273530
16.3000     0.00274810
16.3100     0.00276200
16.3300     0.00277720
16.3600     0.00279090
16.3700     0.00280140
16.4100     0.00281390
16.4300     0.00282500
16.4500     0.00284380
16.4800     0.00285760
16.4900     0.00286830
16.5100     0.00288000
16.5500     0.00289220
16.5600     0.00290530
16.5800     0.00291740
16.6100     0.00292930
16.6300     0.00294170
16.6400     0.00295410
16.6800     0.00296690
16.7000     0.00297960
16.7300     0.00299200
16.7400     0.00300480
16.7600     0.00301670
16.7900     0.00302870
16.8100     0.00304200
16.8200     0.00305390
16.8600     0.00306810
16.8800     0.00308060
16.8900     0.00310550
16.9200     0.00311380
16.9400     0.00312170
16.9600     0.00312990
16.9900     0.00314300
17.0100     0.00315330
17.0400     0.00316490
17.0600     0.00317710
17.0700     0.00319070
17.1100     0.00320090
17.1300     0.00321310
17.1400     0.00322390
17.1700     0.00324280
17.2000     0.00326900
17.2100     0.00328420
17.2400     0.00329070
17.2600     0.00329820
17.2800     0.00330380
17.3100     0.00331330
17.3200     0.00332390
17.3600     0.00333650
17.3700     0.00334980
17.3900     0.00336110
17.4200     0.00337370
17.4500     0.00338580
17.4600     0.00339940
17.4900     0.00341220
17.5100     0.00342530
17.5200     0.00343630
17.5600     0.00344920
17.5800     0.00346220
17.5900     0.00347540
17.6300     0.00348710
17.6400     0.00349850
17.6500     0.00351060
17.6900     0.00352370
17.7000     0.00353610
17.7200     0.00354810
17.7500     0.00355950
17.7700     0.00357170
17.8000     0.00358450
17.8200     0.00359580
17.8400     0.00360830
17.8700     0.00362660
17.8800     0.00363800
17.9000     0.00365000
17.9300     0.00366230
17.9600     0.00367360
17.9700     0.00368620
18.0100     0.00369790
18.0200     0.00370980
18.0400     0.00372050
18.0700     0.00373410
18.0900     0.00374460
18.1100     0.00375610
18.1400     0.00377010
18.1500     0.00377940
18.1300     0.00379210
18.2000     0.00380770
18.2200     0.00381870
18.2500     0.00382930
18.2700     0.00383980
18.2800     0.00385120
18.3200     0.00386480
18.3300     0.00387580
18.3500     0.00388650
18.3800     0.00390030
18.4000     0.00391110
18.4200     0.00392410
18.4500     0.00393370
18.4700     0.00394570
18.4800     0.00395760
18.5200     0.00396950
18.5300     0.00398050
18.5600     0.00399150
18.5800     0.00401040
18.5900     0.00402170
18.6100     0.00403210
18.6500     0.00404430
18.6700     0.00405530
18.7000     0.00406720
18.7100     0.00407890
18.7300     0.00409030
18.7600     0.00410580
18.7800     0.00411460
18.7900     0.00412660
18.8400     0.00413710
18.8400     0.00414850
18.8700     0.00416070
18.9000     0.00417310
18.9200     0.00418430
18.9500     0.00419620
18.9600     0.00420790
18.9800     0.00422030
19.0100     0.00423090
19.0400     0.00424410
19.0400     0.00425580
19.0800     0.00426750
19.1000     0.00427920
19.1100     0.00429040
19.1500     0.00430240
19.1600     0.00431480
19.1800     0.00432580
19.2100     0.00433760
19.2300     0.00435190
19.2600     0.00436150
19.2800     0.00437230
19.3000     0.00438490
19.3300     0.00440380
19.3500     0.00441510
19.3700     0.00442790
19.4000     0.00443930
19.4200     0.00445200
19.4300     0.00446390
19.4600     0.00447700
19.4800     0.00448920
19.5000     0.00450110
19.5300     0.00451390
19.5400     0.00452560
19.5800     0.00453920
19.5900     0.00455020
19.6100     0.00456440
19.6300     0.00457610
19.6600     0.00458830
19.6700     0.00460090
19.7100     0.00461400
19.7300     0.00462590
19.7400     0.00463800
19.7800     0.00465210
19.8000     0.00466560
19.8100     0.00467760
19.8400     0.00469230
19.8600     0.00470560
19.9000     0.00471940
19.9100     0.00473340
19.9300     0.00474670
19.9600     0.00476080
19.9800     0.00477380
19.9900     0.00479600
20.0300     0.00481060
