0.14   81.44
0.29   81.44
0.43   81.44
0.57   81.60
0.71   81.68
0.86   81.76
1.00   81.84
1.14   81.84
1.29   81.92
1.43   81.92
1.57   81.92
1.71   81.92
1.86   82.00
2.00   81.92
2.14   81.92
2.29   81.92
2.43   81.92
2.57   81.84
2.71   81.92
2.86   81.92
3.00   81.92
3.14   81.92
3.29   81.92
3.43   81.92
3.57   81.92
3.71   81.92
3.86   81.92
4.00   81.92
4.14   81.92
4.29   81.92
4.43   81.92
4.57   81.92
4.71   81.92
4.86   81.92
5.00   81.92
5.14   81.92
5.29   81.92
5.43   81.92
5.57   81.92
5.71   82.00
5.86   81.92
6.00   81.92
6.14   81.92
6.29   82.00
6.43   82.08
6.57   82.08
6.71   82.08
6.86   82.08
7.00   82.08
7.14   82.08
7.29   82.08
7.43   82.08
7.57   82.08
7.71   82.08
7.86   82.08
8.00   82.08
8.14   82.16
8.29   82.16
8.43   82.16
8.57   82.24
8.71   82.40
8.86   82.64
9.00   83.04
9.14   83.60
9.29   84.32
9.43   85.21
9.57   86.49
9.71   87.85
9.86   89.45
10.00   90.98
10.14   92.50
10.29   94.02
10.43   95.31
10.57   96.59
10.71   97.71
10.86   98.75
11.00   99.71
11.14   100.60
11.29   101.40
11.43   102.20
11.57   102.92
11.71   103.56
11.86   104.28
12.00   104.92
12.14   105.49
12.29   106.13
12.43   106.61
12.57   107.25
12.71   107.81
12.86   108.37
13.00   108.93
13.14   109.49
13.29   109.97
13.43   110.54
13.57   111.10
13.71   111.58
13.86   112.22
14.00   112.70
14.14   113.26
14.29   113.82
14.43   114.46
14.57   115.02
14.71   115.59
14.86   116.23
15.00   116.87
15.14   117.51
15.29   118.15
15.43   118.79
15.57   119.43
15.71   120.23
15.86   120.88
16.00   121.60
16.14   122.24
16.29   122.96
16.43   123.60
16.57   124.24
16.71   124.88
16.86   125.44
17.00   126.01
17.14   126.57
17.29   126.97
17.43   127.45
17.57   127.93
17.71   128.25
17.86   128.65
18.00   128.97
18.14   129.21
18.29   129.37
18.43   129.29
18.57   129.21
18.71   129.05
18.86   128.89
19.00   128.57
19.14   128.33
19.29   128.01
19.43   127.53
19.57   127.05
19.71   126.49
19.86   125.93
20.00   125.36
20.14   124.64
20.29   124.00
20.43   123.28
20.57   122.48
20.71   121.76
20.86   120.96
21.00   120.15
21.14   119.35
21.29   118.55
21.43   117.75
21.57   116.79
21.71   115.99
21.86   115.18
22.00   114.30
22.14   113.42
22.29   112.62
22.43   111.82
22.57   110.86
22.71   110.05
22.86   109.09
23.00   108.29
23.14   107.49
23.29   106.53
23.43   105.65
23.57   104.76
23.71   103.88
23.86   103.00
24.00   102.04
24.14   101.08
24.29   100.12
24.43   99.23
24.57   98.27
24.71   97.31
24.86   96.35
25.00   95.39
25.14   94.50
25.29   93.62
25.43   92.66
25.57   91.78
25.71   91.06
25.86   90.34
26.00   89.78
26.14   89.45
26.29   89.29
26.43   89.37
26.57   89.70
26.71   90.26
26.86   90.98
27.00   91.78
27.14   92.58
27.29   93.38
27.43   94.02
27.57   94.58
27.71   95.07
27.86   95.55
28.00   96.03
28.14   96.51
28.29   96.99
28.43   97.55
28.57   98.11
28.71   98.75
28.86   99.39
29.00   100.04
29.14   100.92
29.29   101.56
29.43   102.20
29.57   102.92
29.71   103.64
29.86   104.28
30.00   105.00
30.14   105.65
30.29   106.45
30.43   107.09
30.57   107.89
30.71   108.69
30.86   109.49
31.00   110.30
31.14   111.10
31.29   111.90
31.43   112.86
31.57   113.66
31.71   114.62
31.86   115.59
32.00   116.55
32.14   117.51
32.29   118.63
32.43   119.75
32.57   120.80
32.71   122.00
32.86   123.12
33.00   124.24
33.14   125.52
33.29   126.81
33.43   128.01
33.57   129.21
33.71   130.49
33.86   131.62
34.00   132.90
34.14   134.10
34.29   135.30
34.43   136.51
34.57   137.63
34.71   138.83
34.86   140.03
35.00   141.08
35.14   142.20
35.29   143.32
35.43   144.20
35.57   145.24
35.71   146.04
35.86   146.85
36.00   147.65
36.14   148.45
36.29   149.25
36.43   150.05
36.57   150.69
36.71   151.34
36.86   151.98
37.00   152.46
37.14   152.94
37.29   153.42
37.43   153.74
37.57   154.06
37.71   154.38
37.86   154.62
38.00   154.86
38.14   155.02
38.29   155.18
38.43   155.26
38.57   155.34
38.71   155.34
38.86   155.26
39.00   155.18
39.14   155.10
39.29   155.02
39.43   154.86
39.57   154.62
39.71   154.30
39.86   153.98
40.00   153.74
40.14   153.26
40.29   152.78
40.43   152.30
40.57   151.82
40.71   151.17
40.86   150.53
41.00   149.89
41.14   149.09
41.29   148.37
41.43   147.49
41.57   146.61
41.71   145.72
41.86   144.76
42.00   143.72
42.14   142.76
42.29   141.72
42.43   140.59
42.57   139.47
42.71   138.35
42.86   137.23
43.00   136.11
43.14   135.14
43.29   134.18
43.43   133.30
43.57   132.50
43.71   131.86
43.86   131.22
44.00   130.74
44.14   130.17
44.29   129.61
44.43   129.13
44.57   128.49
44.71   127.77
44.86   127.05
45.00   126.25
45.14   125.52
45.29   124.80
45.43   124.16
45.57   123.60
45.71   123.04
45.86   122.48
46.00   122.00
46.14   121.68
46.29   121.36
46.43   121.04
46.57   120.56
46.71   120.23
46.86   119.83
47.00   119.43
47.14   119.11
47.29   118.71
47.43   118.39
47.57   117.99
47.71   117.83
47.86   117.51
48.00   117.35
48.14   117.11
48.29   116.95
48.43   116.87
48.57   116.71
48.71   116.63
48.86   116.63
49.00   116.55
49.14   116.55
49.29   116.63
49.43   116.71
49.57   116.87
49.71   117.03
49.86   117.19
50.00   117.43
50.14   117.75
50.29   117.99
50.43   118.31
50.57   118.63
50.71   119.11
50.86   119.43
51.00   119.91
51.14   120.39
51.29   120.88
51.43   121.36
51.57   122.00
51.71   122.48
51.86   123.12
52.00   123.76
52.14   124.40
52.29   124.88
52.43   125.69
52.57   126.33
52.71   126.97
52.86   127.69
53.00   128.41
53.14   129.05
53.29   129.69
53.43   130.49
53.57   131.30
53.71   131.94
53.86   132.74
54.00   133.54
54.14   134.34
54.29   134.98
54.43   135.78
54.57   136.43
54.71   137.15
54.86   137.87
55.00   138.59
55.14   139.23
55.29   139.95
55.43   140.59
55.57   141.32
55.71   142.04
55.86   142.68
56.00   143.32
56.14   143.96
56.29   144.60
56.43   145.24
56.57   145.88
56.71   146.37
56.86   147.01
57.00   147.49
57.14   148.05
57.29   148.45
57.43   149.01
57.57   149.41
57.71   149.89
57.86   150.21
58.00   150.61
58.14   150.93
58.29   151.26
58.43   151.58
58.57   151.82
58.71   152.06
58.86   152.14
59.00   152.30
59.14   152.46
59.29   152.54
59.43   152.54
59.57   152.54
59.71   152.54
59.86   152.54
60.00   152.46
60.14   152.38
60.29   152.22
60.43   152.22
60.57   152.06
60.71   151.90
60.86   151.90
61.00   151.74
61.14   151.66
61.29   151.66
61.43   151.50
61.57   151.34
61.71   151.17
61.86   151.01
62.00   150.77
62.14   150.45
62.29   150.05
62.43   149.73
62.57   149.41
62.71   148.93
62.86   148.69
63.00   148.37
63.14   148.13
63.29   147.81
63.43   147.49
63.57   147.17
63.71   146.77
63.86   146.45
64.00   145.96
64.14   145.56
64.29   145.16
64.43   144.68
64.57   144.12
64.71   143.64
64.86   143.24
65.00   142.84
65.14   142.28
65.29   141.88
65.43   141.48
65.57   141.00
65.71   140.51
65.86   140.03
66.00   139.47
66.14   138.99
66.29   138.51
66.43   138.03
66.57   137.55
66.71   137.15
66.86   136.59
67.00   136.27
67.14   135.87
67.29   135.38
67.43   135.06
67.57   134.58
67.71   134.18
67.86   133.70
68.00   133.38
68.14   132.98
68.29   132.66
68.43   132.26
68.57   131.94
68.71   131.54
68.86   131.22
69.00   130.90
69.14   130.65
69.29   130.41
69.43   130.09
69.57   129.85
69.71   129.53
69.86   129.37
70.00   129.13
70.14   128.89
70.29   128.73
70.43   128.49
70.57   128.25
70.71   128.09
70.86   127.93
71.00   127.77
71.14   127.61
71.29   127.53
71.43   127.45
71.57   127.29
71.71   127.13
71.86   127.13
72.00   127.05
72.14   127.05
72.29   126.97
72.43   126.81
72.57   126.81
72.71   126.81
72.86   126.81
73.00   126.89
73.14   126.81
73.29   126.81
73.43   126.81
73.57   126.81
73.71   126.89
73.86   126.89
74.00   126.97
74.14   126.97
74.29   126.97
74.43   126.97
74.57   127.05
74.71   127.13
74.86   127.21
75.00   127.29
75.14   127.45
75.29   127.53
75.43   127.53
75.57   127.61
75.71   127.61
75.86   127.69
76.00   127.85
76.14   127.93
76.29   127.93
76.43   128.01
76.57   128.09
76.71   128.09
76.86   128.09
77.00   128.09
77.14   128.09
77.29   128.25
77.43   128.25
77.57   128.25
77.71   128.25
77.86   128.33
78.00   128.25
78.14   128.33
78.29   128.41
78.43   128.41
78.57   128.41
78.71   128.41
78.86   128.49
79.00   128.49
79.14   128.41
79.29   128.41
79.43   128.41
79.57   128.33
79.71   128.17
79.86   128.17
80.00   128.09
