0.10   82.32
0.21   82.32
0.31   82.40
0.41   82.48
0.51   82.72
0.62   82.96
0.72   83.04
0.82   83.20
0.92   83.20
1.03   83.20
1.13   83.28
1.23   83.28
1.33   83.28
1.44   83.28
1.54   83.28
1.64   83.20
1.75   83.20
1.85   83.12
1.95   82.96
2.05   82.96
2.16   82.96
2.26   83.04
2.36   83.12
2.46   83.28
2.57   83.44
2.67   83.60
2.77   83.76
2.88   84.00
2.98   84.24
3.08   84.48
3.18   84.73
3.29   84.89
3.39   85.05
3.49   85.21
3.59   85.21
3.70   85.05
3.80   84.97
3.90   84.81
4.00   84.65
4.11   84.57
4.21   84.40
4.31   84.40
4.42   84.24
4.52   84.24
4.62   84.24
4.72   84.08
4.83   84.08
4.93   84.08
5.03   84.08
5.13   84.08
5.24   84.08
5.34   84.00
5.44   84.00
5.54   84.00
5.65   84.08
5.75   84.08
5.85   84.24
5.96   84.24
6.06   84.40
6.16   84.57
6.26   84.81
6.37   85.05
6.47   85.21
6.57   85.53
6.67   85.69
6.78   85.93
6.88   86.01
6.98   85.93
7.08   85.85
7.19   85.53
7.29   85.21
7.39   84.89
7.50   84.57
7.60   84.40
7.70   84.24
7.80   84.08
7.91   84.08
8.01   84.00
8.11   84.08
8.21   84.08
8.32   84.08
8.42   84.08
8.52   84.16
8.63   84.24
8.73   84.40
8.83   84.48
8.93   84.57
9.04   84.65
9.14   84.89
9.24   85.05
9.34   85.21
9.45   85.37
9.55   85.69
9.65   85.93
9.75   86.17
9.86   86.49
9.96   86.81
10.06   87.13
10.17   87.45
10.27   87.93
10.37   88.33
10.47   88.81
10.58   89.37
10.68   89.86
10.78   90.34
10.88   91.06
10.99   91.62
11.09   92.26
11.19   93.06
11.29   93.86
11.40   94.66
11.50   95.39
11.60   96.19
11.71   96.91
11.81   97.31
11.91   97.23
12.01   96.67
12.12   95.55
12.22   94.18
12.32   92.82
12.42   91.62
12.53   90.50
12.63   89.45
12.73   88.49
12.83   87.77
12.94   87.21
13.04   86.89
13.14   86.57
13.25   86.57
13.35   86.57
13.45   86.57
13.55   86.65
13.66   86.89
13.76   87.13
13.86   87.37
13.96   87.77
14.07   88.09
14.17   88.57
14.27   88.97
14.38   89.37
14.48   89.86
14.58   90.50
14.68   91.06
14.79   91.78
14.89   92.42
14.99   93.22
15.09   94.02
15.20   94.83
15.30   95.79
15.40   96.67
15.50   97.55
15.61   98.67
15.71   99.79
15.81   100.92
15.92   102.04
16.02   103.40
16.12   104.76
16.22   106.05
16.33   107.49
16.43   108.93
16.53   110.30
16.63   111.42
16.74   112.06
16.84   112.14
16.94   111.34
17.04   110.05
17.15   108.45
17.25   106.69
17.35   105.00
17.46   103.16
17.56   101.24
17.66   99.15
17.76   97.39
17.87   96.03
17.97   94.83
18.07   93.94
18.17   93.14
18.28   92.42
18.38   92.10
18.48   91.86
18.58   91.78
18.69   91.86
18.79   92.10
18.89   92.34
19.00   92.74
19.10   93.14
19.20   93.70
19.30   94.18
19.41   94.83
19.51   95.55
19.61   96.35
19.71   97.23
19.82   98.11
19.92   99.15
20.02   100.20
20.13   101.40
20.23   102.60
20.33   103.96
20.43   105.41
20.54   106.85
20.64   108.37
20.74   109.97
20.84   111.74
20.95   113.50
21.05   115.35
21.15   117.35
21.25   119.35
21.36   121.36
21.46   123.20
21.56   124.80
21.67   125.77
21.77   126.25
21.87   126.09
21.97   125.52
22.08   124.56
22.18   123.36
22.28   121.92
22.38   120.07
22.49   117.83
22.59   115.43
22.69   113.18
22.79   111.26
22.90   109.57
23.00   107.81
23.10   106.21
23.21   104.76
23.31   103.56
23.41   102.68
23.51   102.20
23.62   101.88
23.72   101.56
23.82   101.40
23.92   101.40
24.03   101.56
24.13   102.04
24.23   102.44
24.33   103.00
24.44   103.80
24.54   104.44
24.64   105.41
24.75   106.45
24.85   107.65
24.95   108.93
25.05   110.22
25.16   111.74
25.26   113.26
25.36   115.10
25.46   116.95
25.57   118.95
25.67   120.96
25.77   123.20
25.88   125.61
25.98   128.01
26.08   130.65
26.18   133.30
26.29   135.95
26.39   138.51
26.49   140.91
26.59   142.92
26.70   144.52
26.80   145.80
26.90   146.61
27.00   147.17
27.11   147.33
27.21   147.01
27.31   146.29
27.42   144.92
27.52   143.40
27.62   141.64
27.72   140.03
27.83   138.59
27.93   137.07
28.03   135.46
28.13   134.02
28.24   132.98
28.34   132.58
28.44   132.66
28.54   133.30
28.65   134.66
28.75   137.87
28.85   148.13
28.96   164.00
29.06   164.00
29.16   164.00
29.26   164.00
29.37   164.00
29.47   164.00
29.57   164.00
29.67   164.00
29.78   164.00
29.88   164.00
29.98   164.00
30.08   164.00
30.19   164.00
30.29   164.00
30.39   164.00
30.50   164.00
30.60   164.00
30.70   164.00
30.80   164.00
30.91   164.00
31.01   164.00
31.11   164.00
31.21   164.00
31.32   164.00
31.42   164.00
31.52   164.00
31.63   164.00
31.73   164.00
31.83   164.00
31.93   164.00
32.04   164.00
32.14   164.00
32.24   164.00
32.34   164.00
32.45   164.00
32.55   164.00
32.65   164.00
32.75   164.00
32.86   164.00
32.96   164.00
33.06   164.00
33.17   164.00
33.27   164.00
33.37   164.00
33.47   164.00
33.58   164.00
33.68   164.00
33.78   164.00
33.88   164.00
33.99   164.00
34.09   164.00
34.19   164.00
34.29   164.00
34.40   164.00
34.50   164.00
34.60   164.00
34.71   164.00
34.81   164.00
34.91   164.00
35.01   164.00
35.12   164.00
35.22   164.00
35.32   164.00
35.42   164.00
35.53   164.00
35.63   164.00
35.73   164.00
35.83   164.00
35.94   164.00
36.04   164.00
36.14   164.00
36.25   164.00
36.35   164.00
36.45   164.00
36.55   164.00
36.66   164.00
36.76   164.00
36.86   164.00
36.96   164.00
37.07   164.00
37.17   164.00
37.27   164.00
37.38   164.00
37.48   164.00
37.58   164.00
37.68   164.00
37.79   164.00
37.89   164.00
37.99   164.00
38.09   164.00
38.20   164.00
38.30   164.00
38.40   164.00
38.50   164.00
38.61   164.00
38.71   164.00
38.81   164.00
38.92   164.00
39.02   164.00
39.12   164.00
39.22   164.00
39.33   164.00
39.43   164.00
39.53   164.00
39.63   164.00
39.74   164.00
39.84   164.00
39.94   164.00
40.04   164.00
40.15   164.00
40.25   164.00
40.35   164.00
40.46   164.00
40.56   164.00
40.66   164.00
40.76   164.00
40.87   164.00
40.97   164.00
41.07   164.00
41.17   164.00
41.28   164.00
41.38   164.00
41.48   164.00
41.58   164.00
41.69   164.00
41.79   164.00
41.89   164.00
42.00   164.00
42.10   164.00
42.20   164.00
42.30   164.00
42.41   164.00
42.51   164.00
42.61   164.00
42.71   164.00
42.82   164.00
42.92   164.00
43.02   164.00
43.13   164.00
43.23   164.00
43.33   164.00
43.43   164.00
43.54   164.00
43.64   164.00
43.74   164.00
43.84   164.00
43.95   164.00
44.05   164.00
44.15   164.00
44.25   164.00
44.36   164.00
44.46   164.00
44.56   164.00
44.67   164.00
44.77   164.00
44.87   164.00
44.97   164.00
45.08   164.00
45.18   164.00
45.28   164.00
45.38   164.00
45.49   164.00
45.59   164.00
45.69   164.00
45.79   164.00
45.90   164.00
46.00   164.00
46.10   164.00
46.21   164.00
46.31   164.00
46.41   164.00
46.51   164.00
46.62   164.00
46.72   164.00
46.82   164.00
46.92   164.00
47.03   164.00
47.13   164.00
47.23   164.00
47.33   164.00
47.44   164.00
47.54   164.00
47.64   164.00
47.75   164.00
47.85   164.00
47.95   164.00
48.05   164.00
48.16   164.00
48.26   164.00
48.36   164.00
48.46   164.00
48.57   164.00
48.67   164.00
48.77   164.00
48.88   164.00
48.98   164.00
49.08   164.00
49.18   164.00
49.29   164.00
49.39   164.00
49.49   164.00
49.59   164.00
49.70   164.00
49.80   164.00
49.90   164.00
50.00   164.00
50.11   164.00
50.21   164.00
50.31   164.00
50.42   164.00
50.52   164.00
50.62   164.00
50.72   164.00
50.83   164.00
50.93   164.00
51.03   164.00
51.13   164.00
51.24   164.00
51.34   164.00
51.44   164.00
51.54   164.00
51.65   164.00
51.75   164.00
51.85   164.00
51.96   164.00
52.06   164.00
52.16   164.00
52.26   164.00
52.37   164.00
52.47   164.00
52.57   164.00
52.67   164.00
52.78   164.00
52.88   164.00
52.98   164.00
53.08   164.00
53.19   164.00
53.29   164.00
53.39   164.00
53.50   164.00
53.60   164.00
53.70   164.00
53.80   164.00
53.91   164.00
54.01   164.00
54.11   164.00
54.21   164.00
54.32   164.00
54.42   164.00
54.52   164.00
54.63   164.00
54.73   164.00
54.83   164.00
54.93   164.00
55.04   164.00
55.14   164.00
55.24   164.00
55.34   164.00
55.45   164.00
55.55   164.00
55.65   164.00
55.75   164.00
55.86   164.00
55.96   164.00
56.06   164.00
56.17   164.00
56.27   164.00
56.37   164.00
56.47   164.00
56.58   164.00
56.68   164.00
56.78   164.00
56.88   164.00
56.99   164.00
57.09   164.00
57.19   164.00
57.29   164.00
57.40   164.00
57.50   164.00
