0.0200000     3.81000e-005
0.0300000     4.11000e-005
0.0600000     4.37000e-005
0.0700000     4.79000e-005
0.100000     5.07000e-005
0.130000     5.61000e-005
0.150000     6.07000e-005
0.180000     6.44000e-005
0.200000     6.91000e-005
0.210000     7.43000e-005
0.250000     7.92000e-005
0.260000     8.43000e-005
0.280000     9.01000e-005
0.310000     9.60000e-005
0.330000     0.000101900
0.340000     0.000108600
0.380000     0.000114500
0.390000     0.000121700
0.410000     0.000129200
0.450000     0.000136000
0.460000     0.000143400
0.480000     0.000151400
0.510000     0.000160000
0.530000     0.000168300
0.560000     0.000179000
0.580000     0.000187000
0.590000     0.000197000
0.630000     0.000207000
0.640000     0.000218200
0.660000     0.000228100
0.690000     0.000239100
0.710000     0.000250800
0.730000     0.000262500
0.760000     0.000275800
0.780000     0.000288100
0.790000     0.000300600
0.830000     0.000314300
0.840000     0.000335800
0.860000     0.000349400
0.890000     0.000364400
0.910000     0.000379500
0.940000     0.000394700
0.960000     0.000409000
0.980000     0.000424900
1.01000     0.000441500
1.02000     0.000459300
1.03000     0.000475400
1.07000     0.000492500
1.10000     0.000510400
1.10000     0.000528500
1.14000     0.000547100
1.16000     0.000565900
1.17000     0.000583800
1.20000     0.000603500
1.22000     0.000623300
1.24000     0.000643000
1.27000     0.000662600
1.29000     0.000683400
1.32000     0.000704500
1.34000     0.000725200
1.35000     0.000746500
1.39000     0.000767400
1.41000     0.000788900
1.42000     0.000812200
1.46000     0.000833500
1.47000     0.000856400
1.49000     0.000878800
1.52000     0.000900800
1.53000     0.000935400
1.55000     0.000958600
1.59000     0.000982100
1.60000     0.00100550
1.64000     0.00102910
1.66000     0.00105230
1.67000     0.00107700
1.70000     0.00110040
1.72000     0.00112430
1.74000     0.00114860
1.77000     0.00117340
1.79000     0.00119880
1.80000     0.00122310
1.84000     0.00124730
1.85000     0.00127130
1.87000     0.00129680
1.90000     0.00132160
1.91000     0.00134680
1.94000     0.00137180
1.97000     0.00139710
1.98000     0.00142230
2.02000     0.00144920
2.03000     0.00147260
2.05000     0.00149730
2.07000     0.00152420
2.09000     0.00154900
2.12000     0.00157430
2.15000     0.00160000
2.16000     0.00162610
2.20000     0.00165110
2.21000     0.00167730
2.23000     0.00170420
2.25000     0.00172920
2.28000     0.00176850
2.30000     0.00179370
2.31000     0.00181950
2.35000     0.00184570
2.37000     0.00187130
2.40000     0.00189710
2.42000     0.00192320
2.43000     0.00194990
2.46000     0.00197540
2.48000     0.00200060
2.50000     0.00202700
2.53000     0.00205340
2.55000     0.00207920
2.56000     0.00210490
2.59000     0.00213180
2.61000     0.00215750
2.63000     0.00218290
2.66000     0.00220860
2.68000     0.00223370
2.71000     0.00226080
2.72000     0.00228620
2.75000     0.00231200
2.78000     0.00233750
2.79000     0.00236360
2.81000     0.00238980
2.84000     0.00241550
2.87000     0.00244170
2.88000     0.00246580
2.91000     0.00249340
2.92000     0.00251930
2.94000     0.00254480
2.98000     0.00257100
2.99000     0.00259650
3.01000     0.00263460
3.04000     0.00265910
3.06000     0.00268550
3.09000     0.00271030
3.10000     0.00273600
3.13000     0.00276130
3.16000     0.00278760
3.18000     0.00281180
3.19000     0.00283890
3.23000     0.00286600
3.24000     0.00289120
3.26000     0.00291500
3.29000     0.00293860
3.30000     0.00296560
3.32000     0.00299050
3.36000     0.00301650
3.38000     0.00304150
3.39000     0.00306650
3.43000     0.00309200
3.44000     0.00311650
3.48000     0.00314230
3.49000     0.00316850
3.51000     0.00319320
3.54000     0.00321840
3.57000     0.00324210
3.57000     0.00327060
3.61000     0.00329390
3.62000     0.00331970
3.64000     0.00334490
3.67000     0.00336940
3.69000     0.00339590
3.71000     0.00341920
3.74000     0.00345730
3.75000     0.00348090
3.77000     0.00350670
3.80000     0.00353080
3.82000     0.00355480
3.86000     0.00357960
3.87000     0.00360410
3.89000     0.00362990
3.92000     0.00365510
3.94000     0.00367940
3.96000     0.00370330
3.99000     0.00372900
4.01000     0.00375300
4.02000     0.00377500
4.05000     0.00380080
4.07000     0.00382500
4.09000     0.00385010
4.11000     0.00387420
4.13000     0.00389800
4.15000     0.00392280
4.18000     0.00394660
4.20000     0.00397120
4.23000     0.00399590
4.24000     0.00402020
4.27000     0.00404340
4.30000     0.00406750
4.32000     0.00409180
4.33000     0.00411630
4.37000     0.00414090
4.39000     0.00416420
4.40000     0.00418880
4.44000     0.00421190
4.44000     0.00424860
4.47000     0.00427200
4.50000     0.00429650
4.51000     0.00432060
4.53000     0.00434490
4.57000     0.00436880
4.58000     0.00439190
4.61000     0.00441570
4.63000     0.00444150
4.65000     0.00446300
4.68000     0.00448700
4.70000     0.00451000
4.72000     0.00453400
4.75000     0.00455650
4.76000     0.00457800
4.78000     0.00460390
4.81000     0.00462770
4.83000     0.00465200
4.84000     0.00467430
4.88000     0.00469790
4.90000     0.00472060
4.93000     0.00474480
4.94000     0.00476780
4.96000     0.00479090
4.99000     0.00481590
5.01000     0.00483770
5.03000     0.00486040
5.06000     0.00488390
5.08000     0.00490850
5.09000     0.00492860
5.13000     0.00495120
5.15000     0.00497460
5.16000     0.00501040
5.20000     0.00503290
5.21000     0.00505500
5.24000     0.00507870
5.26000     0.00510080
5.28000     0.00512710
5.31000     0.00514920
5.32000     0.00516840
5.34000     0.00519130
5.37000     0.00521570
5.39000     0.00523650
5.41000     0.00526120
5.44000     0.00528130
5.46000     0.00530540
5.47000     0.00532690
5.51000     0.00534940
5.52000     0.00537130
5.54000     0.00539370
5.57000     0.00541760
5.59000     0.00543890
5.61000     0.00546300
5.64000     0.00548510
5.66000     0.00550570
5.69000     0.00552890
5.70000     0.00555110
5.72000     0.00557450
5.76000     0.00559570
5.77000     0.00561530
5.79000     0.00564110
5.82000     0.00566160
5.84000     0.00568530
5.85000     0.00570510
5.89000     0.00573880
5.91000     0.00576070
5.92000     0.00578080
5.95000     0.00580540
5.97000     0.00582450
5.99000     0.00584800
6.02000     0.00586950
6.03000     0.00589090
6.07000     0.00591320
6.09000     0.00593560
6.10000     0.00595470
6.13000     0.00597890
6.15000     0.00599750
6.17000     0.00602180
6.20000     0.00604430
6.21000     0.00606270
6.23000     0.00608470
6.27000     0.00610530
6.28000     0.00612590
6.30000     0.00614810
6.33000     0.00617010
6.35000     0.00619020
6.38000     0.00621350
6.40000     0.00623340
6.41000     0.00625540
6.45000     0.00627870
6.47000     0.00629740
6.48000     0.00632010
6.51000     0.00634250
6.54000     0.00636220
6.55000     0.00638280
6.58000     0.00640500
6.60000     0.00643720
6.61000     0.00646060
6.65000     0.00647930
6.66000     0.00650080
6.68000     0.00652260
6.72000     0.00654170
6.73000     0.00656580
6.74000     0.00658570
6.78000     0.00660720
6.79000     0.00662770
6.83000     0.00664790
6.84000     0.00666930
6.86000     0.00668950
6.89000     0.00671100
6.91000     0.00673110
6.92000     0.00675260
6.96000     0.00677200
6.98000     0.00679350
6.99000     0.00681450
7.02000     0.00683420
7.04000     0.00685870
7.05000     0.00687920
7.09000     0.00689890
7.11000     0.00692360
7.14000     0.00694120
7.16000     0.00696360
7.18000     0.00698330
7.21000     0.00700240
7.23000     0.00702820
7.24000     0.00704750
7.28000     0.00706720
7.30000     0.00709640
7.31000     0.00711350
7.34000     0.00713540
7.36000     0.00715490
7.33000     0.00717710
7.41000     0.00719690
7.42000     0.00722000
7.44000     0.00723970
7.47000     0.00725980
7.49000     0.00727820
7.52000     0.00730020
7.54000     0.00731990
7.55000     0.00733840
7.59000     0.00735840
7.60000     0.00738070
7.62000     0.00740010
7.65000     0.00741940
7.68000     0.00744210
7.69000     0.00746040
7.72000     0.00748370
7.74000     0.00749940
7.75000     0.00752110
7.79000     0.00753980
7.80000     0.00756130
7.81000     0.00758280
7.85000     0.00760080
7.87000     0.00762050
7.90000     0.00764010
7.91000     0.00765810
7.94000     0.00767990
7.96000     0.00769830
7.98000     0.00772050
8.00000     0.00775020
8.04000     0.00776960
8.05000     0.00778830
8.07000     0.00780960
8.10000     0.00782970
8.12000     0.00784860
8.15000     0.00786730
8.17000     0.00788690
8.18000     0.00790770
8.19000     0.00792480
8.24000     0.00794750
8.25000     0.00796410
8.29000     0.00798470
8.30000     0.00800400
8.32000     0.00802160
8.35000     0.00804220
8.37000     0.00806020
8.37000     0.00808220
8.42000     0.00811210
8.43000     0.00811630
8.45000     0.00813890
8.48000     0.00815630
8.49000     0.00817630
8.51000     0.00819410
8.55000     0.00821420
8.56000     0.00823310
8.59000     0.00825210
8.61000     0.00826850
8.63000     0.00829180
8.64000     0.00830750
8.68000     0.00832570
8.69000     0.00834280
8.73000     0.00837250
8.74000     0.00839320
8.76000     0.00841220
8.79000     0.00843090
8.81000     0.00845050
8.83000     0.00846880
8.87000     0.00849070
8.88000     0.00850710
8.89000     0.00852510
8.93000     0.00854470
8.94000     0.00856300
8.98000     0.00858280
8.99000     0.00860060
9.01000     0.00862050
9.04000     0.00863940
9.06000     0.00865900
9.08000     0.00867650
9.11000     0.00869650
9.13000     0.00871700
9.14000     0.00873320
9.18000     0.00875280
9.19000     0.00877130
9.21000     0.00878730
9.24000     0.00880720
9.26000     0.00882690
9.28000     0.00884770
9.31000     0.00886480
9.32000     0.00888460
9.35000     0.00890360
9.37000     0.00892230
9.39000     0.00894090
9.42000     0.00895850
9.44000     0.00898530
9.45000     0.00900380
9.49000     0.00902340
9.51000     0.00904280
9.52000     0.00906020
9.55000     0.00907790
9.57000     0.00909900
9.60000     0.00911860
9.62000     0.00913430
9.63000     0.00915220
9.67000     0.00917100
9.68000     0.00919180
9.70000     0.00920910
9.73000     0.00922660
9.75000     0.00924250
9.77000     0.00926720
9.80000     0.00928780
9.82000     0.00930350
9.83000     0.00932380
9.87000     0.00934130
9.88000     0.00935940
9.90000     0.00937970
9.93000     0.00939630
9.94000     0.00940940
9.97000     0.00942790
10.0100     0.00944510
10.0100     0.00946310
10.0300     0.00947930
10.0700     0.00949730
10.0800     0.00951390
10.1100     0.00953660
10.1300     0.00956250
10.1500     0.00957810
10.1800     0.00959550
10.2000     0.00961480
10.2100     0.00963330
10.2500     0.00965220
10.2600     0.00966650
10.2800     0.00968640
10.3100     0.00970320
10.3300     0.00972210
10.3500     0.00973880
10.3800     0.00975690
10.4000     0.00977330
10.4300     0.00979230
10.4500     0.00980910
10.4600     0.00982620
10.4900     0.00984270
10.5100     0.00986010
10.5200     0.00987710
10.5600     0.00989540
10.5800     0.00991610
10.5900     0.00993320
10.6300     0.00995170
10.6500     0.00996970
10.6600     0.00998810
10.7000     0.0100069
10.7100     0.0100330
10.7400     0.0100498
10.7500     0.0100672
10.7700     0.0100929
10.8100     0.0101018
10.8200     0.0101315
10.8400     0.0101488
10.8800     0.0101653
10.9000     0.0101828
10.9100     0.0102034
10.9400     0.0102202
10.9600     0.0102348
10.9700     0.0102528
11.0100     0.0102687
11.0200     0.0102860
11.0500     0.0103037
11.0700     0.0103219
11.0900     0.0103383
11.1000     0.0103545
11.1400     0.0103703
11.1500     0.0103883
11.1900     0.0104063
11.2000     0.0104266
11.2200     0.0104440
11.2500     0.0104624
11.2700     0.0104786
11.2900     0.0104972
11.3200     0.0105141
11.3300     0.0105307
11.3500     0.0105471
11.3800     0.0105634
11.4000     0.0105817
11.4300     0.0105983
11.4500     0.0106190
11.4700     0.0106364
11.4800     0.0106543
11.5200     0.0106787
11.5300     0.0106960
11.5700     0.0107132
11.5800     0.0107324
11.6000     0.0107493
11.6300     0.0107682
11.6500     0.0107832
11.6700     0.0107946
11.7000     0.0108110
11.7200     0.0108287
11.7300     0.0108421
11.7700     0.0108594
11.7800     0.0108788
11.8100     0.0108982
11.8300     0.0109136
11.8500     0.0109302
11.8800     0.0109486
11.8900     0.0109654
11.9100     0.0109832
11.9300     0.0110038
11.9600     0.0110171
11.9800     0.0110370
12.0100     0.0110526
12.0300     0.0110674
12.0500     0.0110852
12.0800     0.0110990
12.0900     0.0111174
12.1300     0.0111328
12.1500     0.0111510
12.1600     0.0111681
12.1900     0.0111854
12.2100     0.0112123
12.2300     0.0112280
12.2600     0.0112446
12.2700     0.0112612
12.2900     0.0112773
12.3300     0.0112946
12.3400     0.0113109
12.3600     0.0113280
12.3900     0.0113427
12.4100     0.0113605
12.4200     0.0113780
12.4600     0.0113986
12.4800     0.0114180
12.4900     0.0114348
12.5200     0.0114505
12.5400     0.0114668
12.5500     0.0114849
12.5900     0.0115007
12.6100     0.0115187
12.6300     0.0115339
12.6600     0.0115540
12.6700     0.0115704
12.7100     0.0115868
12.7300     0.0116038
12.7400     0.0116232
12.7700     0.0116401
12.7900     0.0116565
12.8000     0.0116742
12.8400     0.0116912
12.8500     0.0117088
12.8700     0.0117244
12.9100     0.0117485
12.9200     0.0117630
12.9300     0.0117822
12.9700     0.0118000
12.9800     0.0118180
13.0200     0.0118346
13.0400     0.0118512
13.0500     0.0118713
13.0800     0.0118902
13.1000     0.0119070
13.1200     0.0119231
13.1500     0.0119447
13.1700     0.0119599
13.1900     0.0119764
13.2200     0.0119930
13.2400     0.0120096
13.2500     0.0120272
13.2800     0.0120456
13.3000     0.0120608
13.3300     0.0120804
13.3400     0.0120978
13.3600     0.0121146
13.3800     0.0121340
13.4200     0.0121445
13.4300     0.0121655
13.4700     0.0121831
13.4800     0.0122013
13.4900     0.0122202
13.5300     0.0122350
13.5500     0.0122502
13.5800     0.0122709
13.6000     0.0122957
13.6100     0.0123156
13.6300     0.0123331
13.6600     0.0123479
13.6800     0.0123642
13.7100     0.0123808
13.7300     0.0124014
13.7500     0.0124191
13.7800     0.0124358
13.8000     0.0124519
13.8100     0.0124701
13.8400     0.0124846
13.8600     0.0125035
13.8800     0.0125206
13.9100     0.0125384
13.9200     0.0125578
13.9400     0.0125749
13.9800     0.0125935
13.9900     0.0126050
14.0300     0.0126228
14.0400     0.0126359
14.0600     0.0126588
14.0900     0.0126735
14.1100     0.0126919
14.1200     0.0127095
14.1600     0.0127268
14.1800     0.0127490
14.1900     0.0127651
14.2200     0.0127745
14.2500     0.0127943
14.2500     0.0128198
14.2900     0.0128383
14.3100     0.0128526
14.3200     0.0128689
14.3600     0.0128876
14.3800     0.0129052
14.4000     0.0129231
14.4300     0.0129388
14.4400     0.0129558
14.4700     0.0129743
14.4800     0.0129916
14.5000     0.0130063
14.5400     0.0130250
14.5500     0.0130449
14.5600     0.0130631
14.6100     0.0130791
14.6200     0.0130943
14.6300     0.0131144
14.6700     0.0131345
14.6900     0.0131506
14.7000     0.0131707
14.7400     0.0131803
14.7500     0.0132001
14.7800     0.0132155
14.8000     0.0132331
14.8200     0.0132488
14.8500     0.0132637
14.8700     0.0132805
14.8800     0.0133016
14.9200     0.0133168
14.9300     0.0133338
14.9500     0.0133614
14.9800     0.0133764
15.0000     0.0133937
15.0200     0.0134101
15.0500     0.0134264
15.0600     0.0134420
15.0900     0.0134568
15.1100     0.0134762
15.1300     0.0134937
15.1600     0.0135108
15.1900     0.0135313
15.2000     0.0135486
15.2300     0.0135625
15.2500     0.0135793
15.2600     0.0135984
15.3000     0.0136090
15.3100     0.0136297
15.3200     0.0136471
15.3600     0.0136632
15.3800     0.0136775
15.3900     0.0136959
15.4300     0.0137128
15.4500     0.0137287
15.4800     0.0137466
15.5000     0.0137633
15.5100     0.0137810
15.5400     0.0137962
15.5600     0.0138135
15.5700     0.0138331
15.6100     0.0138469
15.6200     0.0138635
15.6400     0.0138894
15.6800     0.0139046

