0.000000     8.59000e-005
0.0200000     9.27000e-005
0.0400000     9.97000e-005
0.0700000     0.000108100
0.0800000     0.000118200
0.110000     0.000128900
0.130000     0.000138300
0.150000     0.000148800
0.170000     0.000158600
0.200000     0.000169700
0.210000     0.000181600
0.250000     0.000194400
0.260000     0.000208700
0.280000     0.000222900
0.310000     0.000239100
0.330000     0.000253800
0.350000     0.000267600
0.380000     0.000285100
0.400000     0.000303100
0.420000     0.000321400
0.450000     0.000340500
0.470000     0.000361800
0.500000     0.000380500
0.520000     0.000402400
0.540000     0.000424200
0.570000     0.000445900
0.580000     0.000469300
0.600000     0.000492900
0.630000     0.000518100
0.650000     0.000544100
0.660000     0.000586900
0.700000     0.000613700
0.710000     0.000642300
0.750000     0.000671700
0.760000     0.000701900
0.780000     0.000732000
0.790000     0.000763200
0.830000     0.000795800
0.850000     0.000828800
0.880000     0.000863000
0.900000     0.000896800
0.910000     0.000933300
0.940000     0.000968600
0.970000     0.00100630
0.980000     0.00104410
1.01000     0.00108030
1.03000     0.00111840
1.06000     0.00115770
1.08000     0.00119750
1.10000     0.00123760
1.11000     0.00127810
1.15000     0.00132040
1.16000     0.00136230
1.19000     0.00140380
1.21000     0.00144610
1.23000     0.00149010
1.26000     0.00153450
1.28000     0.00157940
1.30000     0.00162590
1.33000     0.00167030
1.35000     0.00171590
1.36000     0.00178550
1.40000     0.00183250
1.41000     0.00187790
1.42000     0.00192510
1.46000     0.00197320
1.47000     0.00202160
1.49000     0.00207170
1.53000     0.00211980
1.55000     0.00216680
1.56000     0.00221620
1.59000     0.00226590
1.61000     0.00231480
1.64000     0.00236620
1.67000     0.00241670
1.67000     0.00246600
1.71000     0.00251720
1.73000     0.00256700
1.74000     0.00261590
1.78000     0.00266680
1.79000     0.00271870
1.81000     0.00277040
1.85000     0.00282270
1.86000     0.00287390
1.87000     0.00292510
1.91000     0.00297740
1.93000     0.00302940
1.96000     0.00308220
1.97000     0.00313380
1.99000     0.00318600
2.03000     0.00323740
2.05000     0.00329120
2.06000     0.00334470
2.09000     0.00342340
2.11000     0.00347980
2.13000     0.00353190
2.16000     0.00358330
2.18000     0.00363600
2.19000     0.00368930
2.22000     0.00374260
2.24000     0.00379720
2.28000     0.00385170
2.29000     0.00390500
2.31000     0.00395940
2.34000     0.00401070
2.36000     0.00406300
2.38000     0.00411910
2.41000     0.00416720
2.42000     0.00421700
2.44000     0.00426890
2.48000     0.00432480
2.49000     0.00437460
2.52000     0.00442830
2.54000     0.00448160
2.56000     0.00453490
2.57000     0.00458830
2.61000     0.00464090
2.62000     0.00469480
2.66000     0.00474700
2.67000     0.00479890
2.69000     0.00485240
2.72000     0.00490470
2.74000     0.00495920
2.75000     0.00501200
2.79000     0.00506070
2.80000     0.00514020
2.82000     0.00519160
2.86000     0.00524550
2.87000     0.00529680
2.89000     0.00534940
2.92000     0.00540240
2.93000     0.00545430
2.96000     0.00550520
2.99000     0.00555930
3.00000     0.00560930
3.03000     0.00566190
3.05000     0.00571420
3.07000     0.00576700
3.09000     0.00581730
3.12000     0.00586970
3.14000     0.00592230
3.17000     0.00597340
3.19000     0.00602250
3.20000     0.00607680
3.24000     0.00612870
3.26000     0.00617910
3.27000     0.00623250
3.30000     0.00628110
3.32000     0.00633410
3.33000     0.00638620
3.37000     0.00643650
3.39000     0.00648940
3.42000     0.00653870
3.44000     0.00659120
3.45000     0.00664310
3.49000     0.00669200
3.50000     0.00676820
3.51000     0.00682130
3.55000     0.00687220
3.56000     0.00692040
3.59000     0.00697320
3.62000     0.00702050
3.64000     0.00707400
3.65000     0.00712610
3.69000     0.00717520
3.70000     0.00722730
3.71000     0.00727430
3.75000     0.00732590
3.77000     0.00737780
3.78000     0.00742670
3.82000     0.00747930
3.83000     0.00752440
3.87000     0.00757820
3.88000     0.00762730
3.90000     0.00767590
3.93000     0.00772590
3.95000     0.00777610
3.97000     0.00782710
4.00000     0.00787590
4.01000     0.00792650
4.03000     0.00797620
4.07000     0.00802700
4.08000     0.00807650
4.10000     0.00812450
4.13000     0.00817520
4.15000     0.00822500
4.18000     0.00829900
4.20000     0.00834860
4.21000     0.00839940
4.25000     0.00844870
4.27000     0.00849520
4.28000     0.00854500
4.31000     0.00859270
4.33000     0.00864320
4.35000     0.00869360
4.38000     0.00874130
4.39000     0.00878780
4.43000     0.00883810
4.44000     0.00888790
4.46000     0.00893650
4.49000     0.00898390
4.52000     0.00903070
4.53000     0.00908140
4.56000     0.00913080
4.58000     0.00917800
4.59000     0.00922500
4.63000     0.00927260
4.64000     0.00932050
4.66000     0.00936890
4.69000     0.00941900
4.71000     0.00946690
4.73000     0.00951550
4.76000     0.00956230
4.78000     0.00961320
4.80000     0.00965690
4.83000     0.00970460
4.84000     0.00975350
4.85000     0.00979930
4.90000     0.00984790
4.91000     0.00991870
4.94000     0.00996640
4.96000     0.0100125
4.98000     0.0100567
5.01000     0.0101029
5.03000     0.0101550
5.04000     0.0102041
5.08000     0.0102520
5.09000     0.0102991
5.11000     0.0103423
5.15000     0.0103885
5.15000     0.0104353
5.19000     0.0104821
5.21000     0.0105295
5.22000     0.0105774
5.26000     0.0106233
5.27000     0.0106700
5.29000     0.0107179
5.32000     0.0107647
5.34000     0.0108117
5.35000     0.0108575
5.39000     0.0109038
5.41000     0.0109510
5.42000     0.0109987
5.46000     0.0110452
5.47000     0.0110952
5.49000     0.0111394
5.52000     0.0111842
5.54000     0.0112292
5.56000     0.0112763
5.59000     0.0113222
5.60000     0.0113643
5.63000     0.0114128
5.65000     0.0114834
5.67000     0.0115265
5.70000     0.0115718
5.73000     0.0116185
5.73000     0.0116656
5.77000     0.0117106
5.79000     0.0117581
5.80000     0.0118027
5.84000     0.0118483
5.85000     0.0118948
5.87000     0.0119367
5.90000     0.0119858
5.92000     0.0120291
5.95000     0.0120744
5.97000     0.0121211
5.99000     0.0121639
6.00000     0.0122039
6.04000     0.0122574
6.05000     0.0122993
6.08000     0.0123474
6.10000     0.0123930
6.11000     0.0124365
6.15000     0.0124820
6.17000     0.0125274
6.18000     0.0125713
6.22000     0.0126172
6.23000     0.0126601
6.25000     0.0127097
6.28000     0.0127536
6.30000     0.0127936
6.31000     0.0128371
6.35000     0.0129021
6.36000     0.0129484
6.40000     0.0129951
6.41000     0.0130341
6.43000     0.0130776
6.47000     0.0131209
6.48000     0.0131637
6.50000     0.0132065
6.53000     0.0132513
6.55000     0.0132920
6.56000     0.0133339
6.60000     0.0133787
6.62000     0.0134236
6.63000     0.0134690
6.66000     0.0135122
6.68000     0.0135556
6.71000     0.0135987
6.73000     0.0136443
6.75000     0.0136866
6.78000     0.0137315
6.80000     0.0137731
6.81000     0.0138182
6.84000     0.0138584
6.87000     0.0139044
6.88000     0.0139455
6.91000     0.0139926
6.93000     0.0140381
6.94000     0.0140830
6.97000     0.0141218
6.99000     0.0141648
7.03000     0.0142073
7.05000     0.0142726
7.06000     0.0143196
7.10000     0.0143589
7.11000     0.0144032
7.12000     0.0144434
7.16000     0.0144848
7.18000     0.0145311
7.20000     0.0145722
7.22000     0.0146162
7.25000     0.0146552
7.26000     0.0146968
7.29000     0.0147389
7.31000     0.0147793
7.33000     0.0148243
7.36000     0.0148672
7.38000     0.0149102
7.39000     0.0149521
7.42000     0.0149911
7.44000     0.0150360
7.47000     0.0150792
7.49000     0.0151214
7.51000     0.0151618
7.54000     0.0152066
7.55000     0.0152501
7.57000     0.0152882
7.61000     0.0153313
7.62000     0.0153742
7.64000     0.0154180
7.67000     0.0154587
7.69000     0.0154953
7.71000     0.0155349
7.74000     0.0155757
7.75000     0.0156157
7.73000     0.0156749
7.80000     0.0157207
7.82000     0.0157585
7.85000     0.0158046
7.87000     0.0158446
7.88000     0.0158857
7.92000     0.0159268
7.94000     0.0159867
7.95000     0.0160313
7.99000     0.0160727
8.00000     0.0161148
8.02000     0.0161358
8.05000     0.0161707
8.07000     0.0162113
8.10000     0.0162531
8.11000     0.0162926
8.13000     0.0163380
8.17000     0.0163805
8.18000     0.0164166
8.20000     0.0164554
8.23000     0.0164972
8.25000     0.0165374
8.27000     0.0165778
8.30000     0.0166141
8.31000     0.0166545
8.33000     0.0166991
8.37000     0.0167373
8.39000     0.0167733
8.40000     0.0168107
8.43000     0.0168528
8.45000     0.0168934
8.46000     0.0169577
8.50000     0.0169920
8.52000     0.0170269
8.55000     0.0170696
8.56000     0.0171033
8.58000     0.0171426
8.61000     0.0171844
8.63000     0.0172284
8.65000     0.0172662
8.68000     0.0173048
8.69000     0.0173408
8.71000     0.0173789
8.75000     0.0174191
8.77000     0.0174596
8.79000     0.0175005
8.81000     0.0175364
8.83000     0.0175748
8.85000     0.0176136
8.88000     0.0176562
8.90000     0.0176900
8.92000     0.0177289
8.94000     0.0177669
8.96000     0.0178086
8.97000     0.0178448
9.01000     0.0178859
9.03000     0.0179268
9.06000     0.0179645
9.08000     0.0180042
9.10000     0.0180444
9.13000     0.0181014
9.14000     0.0181176
9.16000     0.0181748
9.19000     0.0182125
9.21000     0.0182490
9.22000     0.0182898
9.26000     0.0183294
9.28000     0.0183628
9.31000     0.0184023
9.32000     0.0184395
9.35000     0.0184778
9.37000     0.0185150
9.39000     0.0185549
9.41000     0.0185914
9.44000     0.0186300
9.46000     0.0186692
9.48000     0.0187050
9.51000     0.0187450
9.52000     0.0187805
9.54000     0.0188188
9.57000     0.0188536
9.59000     0.0188896
9.62000     0.0189308
9.64000     0.0189703
9.65000     0.0190039
9.67000     0.0190420
9.70000     0.0190764
9.72000     0.0191150
9.75000     0.0191477
9.77000     0.0191926
9.78000     0.0192241
9.82000     0.0192641
9.83000     0.0192982
9.86000     0.0193396
9.89000     0.0193918
9.90000     0.0194292
9.93000     0.0194652
9.95000     0.0195025
9.97000     0.0195406
10.0000     0.0195760
10.0100     0.0196110
10.0300     0.0196461
10.0700     0.0196846
10.0900     0.0197183
10.1000     0.0197566
10.1400     0.0197921
10.1500     0.0198288
10.1700     0.0198648
10.2000     0.0199022
10.2200     0.0199404
10.2300     0.0199766
10.2600     0.0200126
10.2800     0.0200465
10.2900     0.0200813
10.3300     0.0201213
10.3400     0.0201598
10.3700     0.0201938
10.3900     0.0202265
10.4100     0.0202622
10.4500     0.0203004
10.4600     0.0203370
10.4800     0.0203712
10.5100     0.0204109
10.5400     0.0204467
10.5500     0.0204857
10.5800     0.0205327
10.6000     0.0205844
10.6300     0.0206239
10.6500     0.0206598
10.6600     0.0206975
10.7000     0.0207298
10.7200     0.0207671
10.7300     0.0208055
10.7600     0.0208478
10.7800     0.0208810
10.7900     0.0209163
10.8300     0.0209279
10.8500     0.0209637
10.8600     0.0209986
10.8900     0.0210320
10.9100     0.0210657
10.9300     0.0211012
10.9600     0.0211404
10.9800     0.0211744
11.0000     0.0212101
11.0300     0.0212410
11.0400     0.0212765
11.0800     0.0213090
11.1000     0.0213447
11.1100     0.0213780
11.1400     0.0214114
11.1600     0.0214487
11.1700     0.0214822
11.2100     0.0215175
11.2200     0.0215495
11.2400     0.0215895
11.2800     0.0216281
11.2900     0.0216751
11.3000     0.0217124
11.3400     0.0217449
11.3600     0.0217751
11.3700     0.0218139
11.4100     0.0218466
11.4200     0.0218803
11.4500     0.0219169
11.4800     0.0219480
11.4800     0.0219826
11.5200     0.0220173
11.5400     0.0220488
11.5500     0.0220801
11.5900     0.0221126
11.6100     0.0221484
11.6200     0.0221837
11.6500     0.0222241
11.6600     0.0222529
11.6900     0.0222853
11.7200     0.0223214
11.7400     0.0223539
11.7700     0.0223917
11.7900     0.0224258
11.8000     0.0224602
11.8300     0.0225018
11.8600     0.0225334
11.8700     0.0225663
11.9000     0.0225993
11.9200     0.0226339
11.9300     0.0226743
11.9700     0.0227094
11.9800     0.0227620
12.0000     0.0227970
12.0300     0.0228262
12.0500     0.0228651
12.0800     0.0228990
12.1000     0.0229343
12.1100     0.0229702
12.1300     0.0230028
12.1600     0.0230341
12.1800     0.0230748
12.2200     0.0231115
12.2300     0.0231470
12.2500     0.0231680
12.2800     0.0232042
12.2900     0.0232384
12.3100     0.0232725
12.3500     0.0233068
12.3600     0.0233428
12.3900     0.0233719
12.4100     0.0234078
12.4300     0.0234413
12.4500     0.0234772
12.4800     0.0235118
12.5000     0.0235455
12.5100     0.0235831
12.5500     0.0236189
12.5600     0.0236500
12.6000     0.0236823
12.6200     0.0237182
12.6200     0.0237645
12.6600     0.0237959
12.6700     0.0238342
12.6900     0.0238840
12.7300     0.0239188
12.7400     0.0239509
12.7600     0.0239864
12.7900     0.0240217
12.8100     0.0240609
12.8200     0.0240915
12.8600     0.0241332
12.8700     0.0241713
12.9100     0.0242033
12.9200     0.0242323
12.9400     0.0242706
12.9800     0.0243007
12.9900     0.0243370
13.0100     0.0243760
13.0400     0.0244076
13.0600     0.0244511
13.0800     0.0244882
13.1100     0.0245209
13.1200     0.0245560
13.1400     0.0245897
13.1800     0.0246219
13.1900     0.0246570
13.2200     0.0246913
13.2400     0.0247250
13.2500     0.0247608
13.2900     0.0247975
13.3100     0.0248290
13.3200     0.0248679
13.3600     0.0248957
13.3700     0.0249335
13.3900     0.0249880
13.4200     0.0250231
13.4400     0.0250574
13.4400     0.0250894
13.4900     0.0251329
13.5000     0.0251694
13.5200     0.0252056
13.5500     0.0252390
13.5700     0.0252746
13.6000     0.0253117
13.6200     0.0253424
13.6300     0.0253795
13.6700     0.0254157
13.6800     0.0254539
13.7000     0.0254910
13.7400     0.0255284
13.7500     0.0255654
13.7700     0.0256037
13.8000     0.0256322
13.8200     0.0256668
13.8300     0.0257000
13.8700     0.0257360
13.8800     0.0257737
13.9000     0.0258108
13.9300     0.0258456
13.9500     0.0258797
13.9600     0.0259169
14.0000     0.0259534
14.0200     0.0259920
14.0500     0.0260469
14.0700     0.0260611
14.0800     0.0261149
14.1200     0.0261460
14.1300     0.0261836
14.1500     0.0262196
14.1800     0.0262526
14.1900     0.0262909
14.2100     0.0263286
14.2500     0.0263648
14.2700     0.0264104
14.3000     0.0264543
14.3200     0.0264798
14.3300     0.0265128
14.3600     0.0265501
14.3700     0.0265889
14.3900     0.0266240
14.4300     0.0266476
14.4400     0.0266865
14.4500     0.0267205
14.5000     0.0267605
14.5100     0.0267954
14.5300     0.0268311
14.5600     0.0268711
14.5800     0.0269094
14.6100     0.0269428
14.6200     0.0269754
14.6400     0.0270095
14.6800     0.0270434
14.6900     0.0270778
14.7000     0.0271166
14.7400     0.0271554
14.7600     0.0271904
14.7700     0.0272421
14.8100     0.0272781
14.8300     0.0273131
14.8400     0.0273547
14.8700     0.0273870
14.8900     0.0274242
14.9100     0.0274588
14.9400     0.0274941
14.9600     0.0275284
14.9700     0.0275642
15.0100     0.0275978
15.0200     0.0276326
15.0600     0.0276693
15.0700     0.0277074
15.0900     0.0277463
15.1200     0.0277837
15.1400     0.0278183
15.1500     0.0278540
15.1900     0.0278896
15.2100     0.0279262
15.2200     0.0279608
15.2500     0.0279989
15.2700     0.0280336
15.2900     0.0280702
15.3200     0.0281070
15.3400     0.0281404
15.3600     0.0281755
15.3900     0.0282145
15.4000     0.0282657
15.4400     0.0283012
15.4500     0.0283068
15.4700     0.0283603
15.5000     0.0284015
15.5200     0.0284333
15.5300     0.0284669
15.5700     0.0285011
15.5900     0.0285342
15.6000     0.0285635
15.6400     0.0286018
15.6500     0.0286341
15.6700     0.0286715
15.7000     0.0287102
15.7200     0.0287453
15.7500     0.0287818
15.7600     0.0288127
15.7800     0.0288473
