9.06   83.76
9.11   83.76
9.17   83.76
9.23   83.92
9.28   84.08
9.34   84.16
9.39   84.40
9.45   84.57
9.51   84.65
9.56   84.81
9.62   85.05
9.68   85.21
9.73   85.53
9.79   85.69
9.84   85.85
9.90   86.17
9.96   86.41
10.01   86.65
10.07   86.97
10.13   87.13
10.18   87.45
10.24   87.77
10.29   88.09
10.35   88.41
10.41   88.81
10.46   89.21
10.52   89.53
10.58   89.86
10.63   90.26
10.69   90.74
10.74   91.14
10.80   91.62
10.86   92.02
10.91   92.42
10.97   92.90
11.03   93.38
11.08   93.94
11.14   94.42
11.19   94.91
11.25   95.39
11.31   95.95
11.36   96.43
11.42   96.99
11.48   97.47
11.53   97.79
11.59   98.11
11.64   98.43
11.70   98.43
11.76   98.27
11.81   97.95
11.87   97.47
11.93   96.75
11.98   96.03
12.04   95.23
12.09   94.34
12.15   93.62
12.21   92.82
12.26   92.10
12.32   91.46
12.38   90.74
12.43   90.18
12.49   89.53
12.54   88.89
12.60   88.41
12.66   87.93
12.71   87.61
12.77   87.29
12.83   87.05
12.88   86.97
12.94   86.81
12.99   86.65
13.05   86.65
13.11   86.65
13.16   86.57
13.22   86.57
13.28   86.65
13.33   86.65
13.39   86.81
13.44   86.97
13.50   86.97
13.56   87.13
13.61   87.29
13.67   87.53
13.73   87.69
13.78   87.85
13.84   88.17
13.89   88.33
13.95   88.57
14.01   88.89
14.06   89.05
14.12   89.37
14.18   89.70
14.23   89.94
14.29   90.26
14.34   90.58
14.40   90.98
14.46   91.30
14.51   91.70
14.57   92.10
14.63   92.42
14.68   92.90
14.74   93.38
14.79   93.86
14.85   94.34
14.91   94.83
14.96   95.31
15.02   95.79
15.08   96.43
15.13   96.91
15.19   97.39
15.24   98.03
15.30   98.67
15.36   99.31
15.41   99.96
15.47   100.60
15.53   101.24
15.58   101.96
15.64   102.68
15.69   103.48
15.75   104.12
15.81   104.92
15.86   105.73
15.92   106.53
15.98   107.33
16.03   108.21
16.09   109.09
16.14   110.05
16.20   110.86
16.26   111.82
16.31   112.78
16.37   113.58
16.43   114.46
16.48   115.18
16.54   115.75
16.59   116.15
16.65   116.31
16.71   116.15
16.76   115.67
16.82   115.10
16.88   114.22
16.93   113.34
16.99   112.30
17.04   111.34
17.10   110.22
17.16   109.17
17.21   108.13
17.27   107.01
17.33   105.89
17.38   104.60
17.44   103.32
17.49   102.04
17.55   100.76
17.61   99.63
17.66   98.59
17.72   97.79
17.78   97.15
17.83   96.59
17.89   96.03
17.94   95.47
18.00   94.99
18.06   94.50
18.11   94.02
18.17   93.62
18.23   93.38
18.28   93.22
18.34   93.06
18.39   93.06
18.45   93.06
18.51   93.22
18.56   93.30
18.62   93.38
18.68   93.46
18.73   93.54
18.79   93.78
18.84   94.02
18.90   94.18
18.96   94.50
19.01   94.83
19.07   95.07
19.13   95.47
19.18   95.79
19.24   96.27
19.29   96.59
19.35   96.99
19.41   97.39
19.46   97.87
19.52   98.35
19.58   98.83
19.63   99.31
19.69   99.87
19.74   100.44
19.80   101.08
19.86   101.72
19.91   102.36
19.97   103.08
20.03   103.80
20.08   104.44
20.14   105.25
20.19   105.97
20.25   106.69
20.31   107.57
20.36   108.45
20.42   109.25
20.48   110.22
20.53   111.02
20.59   111.98
20.64   112.94
20.70   113.98
20.76   115.02
20.81   115.99
20.87   117.11
20.93   118.23
20.98   119.35
21.04   120.48
21.09   121.68
21.15   122.88
21.21   124.00
21.26   125.12
21.32   126.25
21.38   127.37
21.43   128.33
21.49   129.13
21.54   129.61
21.60   130.01
21.66   130.17
21.71   130.17
21.77   129.93
21.83   129.45
21.88   128.97
21.94   128.49
21.99   127.93
22.05   127.21
22.11   126.41
22.16   125.61
22.22   124.64
22.28   123.60
22.33   122.32
22.39   120.88
22.44   119.27
22.50   117.83
22.56   116.47
22.61   115.26
22.67   114.06
22.73   113.10
22.78   112.14
22.84   111.34
22.89   110.38
22.95   109.41
23.01   108.37
23.06   107.41
23.12   106.53
23.18   105.81
23.23   105.17
23.29   104.76
23.34   104.44
23.40   104.20
23.46   103.96
23.51   103.72
23.57   103.56
23.63   103.40
23.68   103.24
23.74   103.16
23.79   103.08
23.85   103.16
23.91   103.16
23.96   103.40
24.02   103.64
24.08   103.80
24.13   104.12
24.19   104.44
24.24   104.60
24.30   104.92
24.36   105.25
24.41   105.73
24.47   106.21
24.53   106.53
24.58   107.09
24.64   107.65
24.69   108.21
24.75   108.77
24.81   109.41
24.86   110.22
24.92   110.86
24.98   111.58
25.03   112.30
25.09   113.10
25.14   113.98
25.20   114.86
25.26   115.83
25.31   116.79
25.37   117.75
25.43   118.71
25.48   119.67
25.54   120.80
25.59   121.92
25.65   123.04
25.71   124.24
25.76   125.44
25.82   126.73
25.88   128.01
25.93   129.29
25.99   130.57
26.04   132.02
26.10   133.30
26.16   134.74
26.21   136.03
26.27   137.31
26.33   138.59
26.38   139.79
26.44   140.83
26.49   141.64
26.55   142.44
26.61   143.08
26.66   143.56
26.72   143.96
26.78   144.12
26.83   144.28
26.89   144.36
26.94   144.36
27.00   144.36
27.06   144.04
27.11   143.64
27.17   143.08
27.23   142.44
27.28   141.64
27.34   140.51
27.39   139.39
27.45   138.27
27.51   137.15
27.56   136.11
27.62   135.06
27.68   134.02
27.73   133.06
27.79   132.10
27.84   130.98
27.90   129.69
27.96   128.49
28.01   127.29
28.07   126.09
28.13   124.96
28.18   124.00
28.24   123.20
28.29   122.56
28.35   122.08
28.41   121.60
28.46   121.04
28.52   120.56
28.58   119.99
28.63   119.35
28.69   118.87
28.74   118.39
28.80   117.99
28.86   117.83
28.91   117.83
28.97   117.83
29.03   117.83
29.08   117.83
29.14   117.83
29.19   117.83
29.25   117.91
29.31   117.99
29.36   118.07
29.42   118.31
29.48   118.47
29.53   118.95
29.59   119.27
29.64   119.75
29.70   120.23
29.76   120.64
29.81   121.20
29.87   121.76
29.93   122.32
29.98   122.88
30.04   123.52
30.09   124.32
30.15   125.04
30.21   125.93
30.26   126.89
30.32   127.77
30.38   128.73
30.43   129.85
30.49   130.82
30.54   131.94
30.60   132.98
30.66   134.10
30.71   135.38
30.77   136.59
30.83   137.95
30.88   139.31
30.94   140.67
30.99   142.04
31.05   143.48
31.11   144.92
31.16   146.37
31.22   147.81
31.28   149.17
31.33   150.53
31.39   151.82
31.44   153.18
31.50   154.30
31.56   155.50
31.61   156.55
31.67   157.51
31.73   158.47
31.78   159.27
31.84   160.07
31.89   160.79
31.95   161.43
32.01   161.92
32.06   162.24
32.12   162.32
32.18   162.32
32.23   162.16
32.29   161.92
32.34   161.52
32.40   161.03
32.46   160.47
32.51   159.99
32.57   159.51
32.63   158.95
32.68   158.39
32.74   157.75
32.79   156.95
32.85   156.14
32.91   155.02
32.96   153.98
33.02   152.94
33.08   151.90
33.13   151.01
33.19   150.21
33.24   149.57
33.30   149.01
33.36   148.45
33.41   147.81
33.47   147.17
33.53   146.37
33.58   145.64
33.64   144.84
33.69   144.28
33.75   143.72
33.81   143.40
33.86   143.24
33.92   143.08
33.98   143.00
34.03   142.92
34.09   142.68
34.14   142.44
34.20   142.20
34.26   141.88
34.31   141.80
34.37   141.88
34.43   141.88
34.48   142.04
34.54   142.36
34.59   142.68
34.65   143.00
34.71   143.32
34.76   143.64
34.82   143.96
34.88   144.44
34.93   144.92
34.99   145.32
35.04   146.04
35.10   146.69
35.16   147.65
35.21   148.61
35.27   149.57
35.33   150.69
35.38   151.98
35.44   153.26
35.49   154.62
35.55   156.39
35.61   158.95
35.66   164.00
35.72   164.00
35.78   164.00
35.83   164.00
35.89   164.00
35.94   164.00
36.00   164.00
36.06   164.00
36.11   164.00
36.17   164.00
36.23   164.00
36.28   164.00
36.34   164.00
36.39   164.00
36.45   164.00
36.51   164.00
36.56   164.00
36.62   164.00
36.68   164.00
36.73   164.00
36.79   164.00
36.84   164.00
36.90   164.00
36.96   164.00
37.01   164.00
37.07   164.00
37.13   164.00
37.18   164.00
37.24   164.00
37.29   164.00
37.35   164.00
37.41   164.00
37.46   164.00
37.52   164.00
37.58   164.00
37.63   164.00
37.69   164.00
37.74   164.00
37.80   164.00
37.86   164.00
37.91   164.00
37.97   164.00
38.03   164.00
38.08   164.00
38.14   164.00
38.19   164.00
38.25   164.00
38.31   164.00
38.36   164.00
38.42   164.00
38.48   164.00
38.53   164.00
38.59   164.00
38.64   164.00
38.70   164.00
38.76   164.00
38.81   164.00
38.87   164.00
38.93   164.00
38.98   164.00
39.04   164.00
39.09   164.00
39.15   164.00
39.21   164.00
39.26   164.00
39.32   164.00
39.38   164.00
39.43   164.00
39.49   164.00
39.54   164.00
39.60   164.00
39.66   164.00
39.71   164.00
39.77   164.00
39.83   164.00
39.88   164.00
39.94   164.00
39.99   164.00
40.05   164.00
40.11   164.00
40.16   164.00
40.22   164.00
40.28   164.00
40.33   164.00
40.39   164.00
40.44   164.00
40.50   164.00
