10.0800     8.55000e-005
10.0800     8.55000e-005
10.1100     8.55000e-005
10.1200     8.74000e-005
10.1400     8.74000e-005
10.1700     8.83000e-005
10.1900     8.78000e-005
10.2200     9.01000e-005
10.2400     9.01000e-005
10.2600     9.01000e-005
10.2900     9.11000e-005
10.3100     9.13000e-005
10.3200     9.23000e-005
10.3600     9.25000e-005
10.3700     9.30000e-005
10.3900     9.44000e-005
10.4300     9.35000e-005
10.4400     9.34000e-005
10.4800     9.63000e-005
10.5000     9.51000e-005
10.5100     9.58000e-005
10.5300     9.76000e-005
10.5600     9.70000e-005
10.5800     9.88000e-005
10.6100     9.90000e-005
10.6300     0.000100000
10.6500     0.000100500
10.6800     0.000100700
10.6900     0.000101200
10.7100     0.000101400
10.7400     0.000101900
10.7600     0.000103300
10.7700     0.000103000
10.8100     0.000103900
10.8200     0.000104900
10.8500     0.000104200
10.8800     0.000104700
10.9000     0.000107500
10.9100     0.000106300
10.9400     0.000106700
10.9600     0.000108600
10.9800     0.000108100
11.0200     0.000109500
11.0300     0.000109500
11.0600     0.000110300
11.0800     0.000110700
11.1100     0.000111400
11.1300     0.000111000
11.1500     0.000113100
11.1600     0.000113300
11.2000     0.000114000
11.2100     0.000114200
11.2300     0.000113600
11.2600     0.000116300
11.2800     0.000116100
11.3000     0.000116600
11.3300     0.000117500
11.3500     0.000117300
11.3800     0.000118400
11.4000     0.000119800
11.4100     0.000120600
11.4500     0.000119600
11.4700     0.000120800
11.4900     0.000121900
11.5200     0.000121300
11.5300     0.000122400
11.5400     0.000124100
11.5800     0.000123800
11.5900     0.000124800
11.6300     0.000125000
11.6400     0.000126400
11.6600     0.000127300
11.6800     0.000127100
11.7200     0.000126800
11.7300     0.000127600
11.7700     0.000128300
11.7800     0.000128900
11.8000     0.000129900
11.8300     0.000129900
11.8600     0.000132300
11.8600     0.000131800
11.9000     0.000132300
11.9100     0.000132700
11.9500     0.000133400
11.9700     0.000134600
11.9800     0.000135100
12.0000     0.000136200
12.0300     0.000136000
12.0500     0.000136900
12.0800     0.000138600
12.1000     0.000137900
12.1100     0.000138500
12.1500     0.000140900
12.1700     0.000140200
12.1800     0.000141300
12.2100     0.000142500
12.2300     0.000142300
12.2500     0.000143700
12.2800     0.000143900
12.3000     0.000145600
12.3100     0.000146000
12.3500     0.000146500
12.3600     0.000147000
12.3800     0.000148100
12.4100     0.000147700
12.4300     0.000148800
12.4600     0.000148800
12.4800     0.000149800
12.4900     0.000150000
12.5300     0.000150500
12.5400     0.000152100
12.5600     0.000152800
12.6000     0.000154000
12.6100     0.000155900
12.6300     0.000156800
12.6700     0.000157200
12.6800     0.000157900
12.7100     0.000158700
12.7300     0.000160500
12.7500     0.000160800
12.7800     0.000161200
12.8000     0.000162100
12.8200     0.000163500
12.8500     0.000164500
12.8700     0.000165900
12.8800     0.000166100
12.9200     0.000167300
12.9300     0.000167800
12.9500     0.000169600
12.9800     0.000169900
13.0000     0.000170400
13.0100     0.000171300
13.0500     0.000171800
13.0600     0.000173400
13.0900     0.000174600
13.1200     0.000175700
13.1300     0.000176700
13.1600     0.000178300
13.1900     0.000177300
13.1900     0.000179200
13.2300     0.000180100
13.2500     0.000181800
13.2600     0.000182900
13.3000     0.000183700
13.3200     0.000183700
13.3300     0.000185100
13.3700     0.000185500
13.3900     0.000187600
13.3900     0.000189700
13.4300     0.000189700
13.4400     0.000190900
13.4800     0.000191400
13.4900     0.000193000
13.5100     0.000194900
13.5300     0.000194400
13.5600     0.000195600
13.5800     0.000197200
13.6100     0.000198800
13.6300     0.000200500
13.6400     0.000200700
13.6800     0.000202800
13.7000     0.000203300
13.7200     0.000206300
13.7500     0.000205900
13.7600     0.000206300
13.7700     0.000208000
13.8200     0.000209200
13.8300     0.000211000
13.8600     0.000212000
13.8800     0.000213300
13.9000     0.000213600
13.9300     0.000215400
13.9500     0.000216400
13.9600     0.000218200
13.9900     0.000219200
14.0100     0.000221000
14.0300     0.000221300
14.0600     0.000223600
14.0800     0.000224400
14.0900     0.000225300
14.1300     0.000226900
14.1400     0.000228500
14.1600     0.000229500
14.2000     0.000230600
14.2100     0.000231400
14.2300     0.000234400
14.2500     0.000235100
14.2800     0.000236200
14.3000     0.000238800
14.3300     0.000240900
14.3400     0.000240900
14.3800     0.000242100
14.3900     0.000244400
14.4100     0.000246800
14.4500     0.000247900
14.4600     0.000249300
14.4700     0.000250800
14.5100     0.000251700
14.5200     0.000254200
14.5400     0.000255000
14.5800     0.000257700
14.5900     0.000259600
14.6300     0.000260300
14.6500     0.000261800
14.6600     0.000263100
14.6800     0.000265900
14.7100     0.000267300
14.7300     0.000269700
14.7600     0.000270900
14.7800     0.000273000
14.7900     0.000275000
14.8300     0.000276500
14.8400     0.000278500
14.8600     0.000279700
14.9000     0.000281800
14.9200     0.000283900
14.9300     0.000285300
14.9600     0.000288100
14.9800     0.000289500
15.0100     0.000291900
15.0300     0.000292600
15.0400     0.000295200
15.0700     0.000297000
15.0900     0.000300800
15.1100     0.000301700
15.1500     0.000305000
15.1600     0.000305900
15.1800     0.000308700
15.2100     0.000310800
15.2300     0.000312400
15.2600     0.000315700
15.2800     0.000317600
15.2900     0.000318500
15.3200     0.000322300
15.3400     0.000323900
15.3600     0.000325600
15.3900     0.000327900
15.4100     0.000330000
15.4200     0.000332600
15.4600     0.000334700
15.4800     0.000336800
15.4900     0.000339300
15.5200     0.000341900
15.5500     0.000344000
15.5600     0.000346600
15.6000     0.000349600
15.6100     0.000350300
15.6300     0.000354500
15.6600     0.000356700
15.6700     0.000359000
15.6900     0.000361800
15.7200     0.000364100
15.7400     0.000367200
15.7800     0.000369900
15.7900     0.000372600
15.8100     0.000375800
15.8400     0.000378400
15.8500     0.000381400
15.8700     0.000386100
15.9100     0.000388700
15.9200     0.000391000
15.9400     0.000393800
15.9800     0.000398500
15.9900     0.000400800
16.0100     0.000404300
16.0400     0.000407100
16.0600     0.000410200
16.0900     0.000414100
16.1100     0.000417700
16.1200     0.000420400
16.1500     0.000423700
16.1800     0.000428000
16.1900     0.000432100
16.2200     0.000435900
16.2400     0.000439600
16.2600     0.000444300
16.2900     0.000448000
16.3000     0.000453000
16.3200     0.000457100
16.3500     0.000461100
16.3700     0.000467400
16.3800     0.000471700
16.4200     0.000477900
16.4400     0.000483800
16.4700     0.000493400
16.4900     0.000520200
16.5100     0.000705200
16.5400     0.000725500
16.5600     0.000746800
16.5700     0.000769200
16.6100     0.000798000
16.6300     0.000813200
16.6600     0.000830200
16.6700     0.000842900
16.6900     0.000855700
16.7200     0.000870900
16.7400     0.000886600
16.7500     0.000904500
16.7700     0.000921800
16.8100     0.000936600
16.8200     0.000953600
16.8500     0.000970000
16.8700     0.000989000
16.8900     0.00100620
16.9200     0.00102210
16.9400     0.00103920
16.9500     0.00105440
16.9900     0.00106800
17.0100     0.00108250
17.0200     0.00109550
17.0600     0.00110790
17.0700     0.00111990
17.1000     0.00113100
17.1200     0.00114180
17.1300     0.00115330
17.1700     0.00116260
17.1900     0.00117310
17.2000     0.00118360
17.2400     0.00119420
17.2500     0.00120420
17.2700     0.00121270
17.3100     0.00122250
17.3200     0.00123060
17.3300     0.00124530
17.3700     0.00125350
17.3800     0.00126080
17.4200     0.00127020
17.4400     0.00127920
17.4500     0.00128600
17.4800     0.00129580
17.5000     0.00130780
17.5200     0.00131340
17.5500     0.00132110
17.5700     0.00132880
17.5800     0.00133750
17.6200     0.00134470
17.6400     0.00135260
17.6500     0.00136090
17.6900     0.00136950
17.7000     0.00137750
17.7200     0.00138470
17.7600     0.00139350
17.7700     0.00140040
17.7800     0.00141010
17.8200     0.00141760
17.8400     0.00142330
17.8700     0.00143260
17.8900     0.00144150
17.9100     0.00144760
17.9300     0.00145430
17.9400     0.00146160
17.9700     0.00146880
18.0000     0.00147680
18.0200     0.00148540
18.0300     0.00149100
18.0600     0.00150410
18.0800     0.00151020
18.1000     0.00151880
18.1300     0.00152630
18.1500     0.00153760
18.1800     0.00154410
18.2000     0.00155110
18.2200     0.00156000
18.2500     0.00156510
18.2600     0.00157290
18.2900     0.00158050
18.3200     0.00158850
18.3400     0.00159810
18.3500     0.00161370
18.3800     0.00162240
18.4000     0.00163900
18.4100     0.00170170
18.4500     0.00171260
18.4700     0.00172570
18.4000     0.00173620
18.5200     0.00174930
18.5300     0.00176330
18.5400     0.00177690
18.5800     0.00178750
18.5900     0.00180050
18.6300     0.00181760
18.6500     0.00183390
18.6600     0.00184940
18.6900     0.00186430
18.7100     0.00188590
18.7400     0.00190150
18.7700     0.00191550
18.7800     0.00192670
18.8100     0.00193890
18.8300     0.00195200
18.8500     0.00196480
18.8800     0.00197590
18.9000     0.00198750
18.9200     0.00199870
18.9500     0.00201160
18.9600     0.00202100
18.9800     0.00203190
18.9900     0.00204080
19.0300     0.00205230
19.0500     0.00206230
19.0800     0.00207610
19.1100     0.00208500
19.1300     0.00209500
19.1400     0.00210400
19.1600     0.00211610
19.1800     0.00212520
19.2200     0.00213410
19.2300     0.00214480
19.2400     0.00215470
19.2800     0.00216400
19.3000     0.00217410
19.3300     0.00218320
19.3500     0.00219840
19.3600     0.00220590
19.4000     0.00221190
19.4200     0.00222250
19.4300     0.00223760
19.4600     0.00224680
19.4800     0.00225610
19.5000     0.00226620
19.5300     0.00227570
19.5400     0.00228530
19.5600     0.00229580
19.6000     0.00230570
19.6100     0.00231390
19.6500     0.00232430
19.6600     0.00233330
19.6800     0.00234400
19.6900     0.00235270
19.7300     0.00236150
19.7500     0.00237130
19.7800     0.00238310
19.8000     0.00239050
19.8100     0.00239750
19.8500     0.00240800
19.8700     0.00241600
19.8800     0.00242630
19.9100     0.00243380
19.9200     0.00244450
19.9500     0.00245310
19.9800     0.00246250
20.0000     0.00247070
