178.80	1110.00
179.01	1110.00
179.23	1110.00
179.44	1183.73
179.66	1056.75
179.88	1449.96
180.09	1333.23
180.31	1257.45
180.52	1427.43
180.74	1302.51
180.95	1269.74
181.17	1284.08
181.38	1492.97
181.60	1171.44
181.81	1148.91
182.03	1269.74
182.24	1275.88
182.46	1273.84
182.67	1300.46
182.89	1382.38
183.10	1286.12
183.32	1292.27
183.53	1261.55
183.75	1523.69
183.96	1351.66
184.18	1202.16
184.40	1282.03
184.61	1409.00
184.83	1409.00
185.04	1376.24
185.26	1386.47
185.47	1325.04
185.69	1421.29
185.90	1329.13
186.12	1241.07
186.33	1374.19
186.55	1353.71
186.76	1343.47
186.98	1329.13
187.19	1376.24
187.41	1419.24
187.62	1290.22
187.84	1327.08
188.05	1409.00
188.27	1359.85
188.48	1249.26
188.70	1322.99
188.91	1382.38
189.13	1306.60
189.34	1374.19
189.56	1339.37
189.77	1325.04
189.99	1320.94
190.20	1275.88
190.42	1282.03
190.63	1415.15
190.85	1347.56
191.06	1337.32
191.27	1282.03
191.49	1308.65
191.70	1302.51
191.92	1331.18
192.13	1265.64
192.35	1392.62
192.56	1415.15
192.78	1333.23
192.99	1388.52
193.21	1361.90
193.42	1363.95
193.64	1316.84
193.85	1306.60
194.07	1443.82
194.28	1374.19
194.50	1304.56
194.71	1368.04
194.93	1458.15
195.14	1435.63
195.36	1417.19
195.57	1329.13
195.78	1476.59
196.00	1302.51
196.21	1366.00
196.43	1312.75
196.64	1404.91
196.86	1374.19
197.07	1341.42
197.29	1232.88
197.50	1413.10
197.72	1347.56
197.93	1357.80
198.15	1361.90
198.36	1419.24
198.57	1380.33
198.79	1316.84
199.00	1355.76
199.22	1316.84
199.43	1368.04
199.65	1292.27
199.86	1304.56
200.08	1355.76
200.29	1429.48
200.51	1347.56
200.72	1386.47
200.93	1331.18
201.15	1431.53
201.36	1404.91
201.58	1366.00
201.79	1343.47
202.01	1488.87
202.22	1339.37
202.44	1339.37
202.65	1290.22
202.86	1413.10
203.08	1419.24
203.29	1275.88
203.51	1347.56
203.72	1372.14
203.94	1325.04
204.15	1345.52
204.36	1310.70
204.58	1376.24
204.79	1382.38
205.01	1296.36
205.22	1452.01
205.44	1392.62
205.65	1234.93
205.86	1325.04
206.08	1347.56
206.29	1466.35
206.51	1245.16
206.72	1306.60
206.94	1415.15
207.15	1415.15
207.36	1314.80
207.58	1357.80
207.79	1349.61
208.01	1396.71
208.22	1359.85
208.43	1273.84
208.65	1392.62
208.86	1425.39
209.08	1284.08
209.29	1327.08
209.51	1447.91
209.72	1398.76
209.93	1378.28
210.15	1386.47
210.36	1361.90
210.58	1329.13
210.79	1318.89
211.00	1372.14
211.22	1372.14
211.43	1601.51
211.65	1298.41
211.86	1349.61
212.07	1462.25
212.29	1314.80
212.50	1333.23
212.72	1337.32
212.93	1449.96
213.14	1370.09
213.36	1435.63
213.57	1288.17
213.79	1335.28
214.00	1421.29
214.21	1331.18
214.43	1368.04
214.64	1462.25
214.85	1363.95
215.07	1282.03
215.28	1320.94
215.50	1454.06
215.71	1386.47
215.92	1320.94
216.14	1359.85
216.35	1454.06
216.57	1341.42
216.78	1411.05
216.99	1322.99
217.21	1443.82
217.42	1325.04
217.63	1355.76
217.85	1300.46
218.06	1363.95
218.28	1462.25
218.49	1437.67
218.70	1368.04
218.92	1413.10
219.13	1345.52
219.34	1409.00
219.56	1312.75
219.77	1343.47
219.98	1308.65
220.20	1329.13
220.41	1279.98
220.63	1400.81
220.84	1384.43
221.05	1359.85
221.27	1310.70
221.48	1466.35
221.69	1251.31
221.91	1327.08
222.12	1363.95
222.33	1357.80
222.55	1372.14
222.76	1275.88
222.97	1357.80
223.19	1368.04
223.40	1398.76
223.62	1318.89
223.83	1370.09
224.04	1447.91
224.26	1259.50
224.47	1300.46
224.68	1361.90
224.90	1462.25
225.11	1419.24
225.32	1376.24
225.54	1304.56
225.75	1363.95
225.96	1257.45
226.18	1417.19
226.39	1279.98
226.60	1355.76
226.82	1409.00
227.03	1327.08
227.24	1329.13
227.46	1378.28
227.67	1329.13
227.88	1302.51
228.10	1290.22
228.31	1425.39
228.52	1318.89
228.74	1284.08
228.95	1327.08
229.16	1366.00
229.38	1400.81
229.59	1327.08
229.80	1382.38
230.02	1402.86
230.23	1519.59
230.44	1439.72
230.66	1329.13
230.87	1425.39
231.08	1341.42
231.29	1390.57
231.51	1429.48
231.72	1474.54
231.93	1449.96
232.15	1345.52
232.36	1314.80
232.57	1445.87
232.79	1392.62
233.00	1363.95
233.21	1302.51
233.43	1386.47
233.64	1404.91
233.85	1333.23
234.07	1255.40
234.28	1388.52
234.49	1376.24
234.70	1298.41
234.92	1320.94
235.13	1335.28
235.34	1466.35
235.56	1439.72
235.77	1331.18
235.98	1486.83
236.20	1396.71
236.41	1499.11
236.62	1357.80
236.83	1345.52
237.05	1437.67
237.26	1445.87
237.47	1394.67
237.69	1486.83
237.90	1343.47
238.11	1339.37
238.32	1300.46
238.54	1486.83
238.75	1390.57
238.96	1359.85
239.18	1277.93
239.39	1409.00
239.60	1372.14
239.81	1327.08
240.03	1361.90
240.24	1388.52
240.45	1292.27
240.66	1322.99
240.88	1318.89
241.09	1382.38
241.30	1390.57
241.52	1396.71
241.73	1335.28
241.94	1529.83
242.15	1376.24
242.37	1294.32
242.58	1398.76
242.79	1445.87
243.00	1331.18
243.22	1374.19
243.43	1392.62
243.64	1466.35
243.85	1406.95
244.07	1452.01
244.28	1339.37
244.49	1390.57
244.71	1443.82
244.92	1515.50
245.13	1343.47
245.34	1540.07
245.56	1372.14
245.77	1320.94
245.98	1423.34
246.19	1425.39
246.41	1314.80
246.62	1476.59
246.83	1406.95
247.04	1398.76
247.26	1388.52
247.47	1529.83
247.68	1396.71
247.89	1454.06
248.11	1470.44
248.32	1409.00
248.53	1333.23
248.74	1568.74
248.95	1497.07
249.17	1439.72
249.38	1515.50
249.59	1499.11
249.80	1593.32
250.02	1472.49
250.23	1454.06
250.44	1572.84
250.65	1544.17
250.87	1523.69
251.08	1595.37
251.29	1722.34
251.50	1920.99
251.71	2127.84
251.93	2785.24
252.14	3878.85
252.35	5961.64
252.56	9131.89
252.78	15105.82
252.99	22290.09
253.20	29943.35
253.41	35149.29
253.62	38178.23
253.84	36910.54
254.05	31649.31
254.26	23754.39
254.47	16432.90
254.69	9809.77
254.90	5021.62
255.11	2629.59
255.32	1802.21
255.53	1767.40
255.75	1599.46
255.96	1468.39
256.17	1525.74
256.38	1552.36
256.59	1507.30
256.81	1396.71
257.02	1402.86
257.23	1507.30
257.44	1474.54
257.65	1478.63
257.87	1505.26
258.08	1458.15
258.29	1404.91
258.50	1482.73
258.71	1409.00
258.93	1538.02
259.14	1501.16
259.35	1411.05
259.56	1396.71
259.77	1454.06
259.99	1400.81
260.20	1382.38
260.41	1470.44
260.62	1482.73
260.83	1390.57
261.04	1499.11
261.26	1322.99
261.47	1431.53
261.68	1320.94
261.89	1318.89
262.10	1273.84
262.32	1406.95
262.53	1296.36
262.74	1351.66
262.95	1345.52
263.16	1472.49
263.37	1445.87
263.59	1363.95
263.80	1423.34
264.01	1449.96
264.22	1433.58
264.43	1431.53
264.64	1472.49
264.86	1552.36
265.07	1677.29
265.28	1478.63
265.49	1470.44
265.70	1509.35
265.91	1470.44
266.13	1392.62
266.34	1382.38
266.55	1470.44
266.76	1402.86
266.97	1357.80
267.18	1413.10
267.40	1396.71
267.61	1456.11
267.82	1392.62
268.03	1290.22
268.24	1376.24
268.45	1417.19
268.66	1349.61
268.88	1388.52
269.09	1341.42
269.30	1355.76
269.51	1322.99
269.72	1286.12
269.93	1417.19
270.14	1370.09
270.36	1349.61
270.57	1320.94
270.78	1439.72
270.99	1482.73
271.20	1482.73
271.41	1337.32
271.62	1535.98
271.84	1404.91
272.05	1363.95
272.26	1386.47
272.47	1546.22
272.68	1368.04
272.89	1409.00
273.10	1378.28
273.31	1376.24
273.53	1339.37
273.74	1433.58
273.95	1400.81
274.16	1374.19
274.37	1337.32
274.58	1404.91
274.79	1366.00
275.00	1327.08
275.22	1472.49
275.43	1411.05
275.64	1347.56
275.85	1462.25
276.06	1431.53
276.27	1466.35
276.48	1320.94
276.69	1251.31
276.90	1306.60
277.12	1497.07
277.33	1337.32
277.54	1415.15
277.75	1441.77
277.96	1271.79
278.17	1386.47
278.38	1366.00
278.59	1445.87
278.80	1396.71
279.02	1372.14
279.23	1527.78
279.44	1419.24
279.65	1392.62
279.86	1370.09
280.07	1466.35
280.28	1402.86
280.49	1441.77
280.70	1368.04
280.91	1519.59
281.12	1376.24
281.34	1374.19
281.55	1406.95
281.76	1357.80
281.97	1449.96
282.18	1429.48
282.39	1386.47
282.60	1372.14
282.81	1441.77
283.02	1331.18
283.23	1273.84
283.44	1396.71
283.66	1404.91
283.87	1423.34
284.08	1337.32
284.29	1406.95
284.50	1433.58
284.71	1359.85
284.92	1335.28
285.13	1519.59
285.34	1353.71
285.55	1419.24
285.76	1423.34
285.97	1370.09
286.18	1462.25
286.39	1308.65
286.61	1443.82
286.82	1392.62
287.03	1427.43
287.24	1429.48
287.45	1470.44
287.66	1425.39
287.87	1314.80
288.08	1443.82
288.29	1376.24
288.50	1413.10
288.71	1413.10
288.92	1511.40
289.13	1454.06
289.34	1517.54
289.55	1466.35
289.76	1478.63
289.97	1533.93
290.18	1521.64
290.40	1370.09
290.61	1409.00
290.82	1335.28
291.03	1349.61
291.24	1378.28
291.45	1325.04
291.66	1339.37
291.87	1431.53
292.08	1413.10
292.29	1421.29
292.50	1370.09
292.71	1445.87
292.92	1427.43
293.13	1511.40
293.34	1480.68
293.55	1466.35
293.76	1503.21
293.97	1478.63
294.18	1452.01
294.39	1468.39
294.60	1429.48
294.81	1411.05
295.02	1433.58
295.23	1505.26
295.44	1427.43
295.65	1515.50
295.86	1546.22
296.07	1785.83
296.28	1789.92
296.49	1943.52
296.70	1875.94
296.91	1927.14
297.12	1845.22
297.34	1720.29
297.55	1621.99
297.76	1552.36
297.97	1511.40
298.18	1374.19
298.39	1396.71
298.60	1447.91
298.81	1458.15
299.02	1339.37
299.23	1335.28
299.44	1413.10
299.65	1429.48
299.86	1490.92
300.07	1327.08
300.28	1347.56
300.49	1447.91
300.70	1462.25
300.91	1484.78
301.12	1523.69
301.33	1427.43
301.54	1679.33
301.75	1646.57
301.96	1859.56
302.17	1710.05
302.38	1769.44
302.59	1734.63
302.80	1538.02
303.01	1486.83
303.22	1495.02
303.42	1460.20
303.63	1462.25
303.84	1353.71
304.05	1376.24
304.26	1331.18
304.47	1460.20
304.68	1437.67
304.89	1374.19
305.10	1394.67
305.31	1433.58
305.52	1363.95
305.73	1458.15
305.94	1380.33
306.15	1476.59
306.36	1402.86
306.57	1372.14
306.78	1413.10
306.99	1353.71
307.20	1400.81
307.41	1357.80
307.62	1318.89
307.83	1421.29
308.04	1482.73
308.25	1419.24
308.46	1429.48
308.67	1406.95
308.88	1449.96
309.09	1382.38
309.30	1495.02
309.51	1460.20
309.72	1452.01
309.93	1400.81
310.13	1339.37
310.34	1556.46
310.55	1542.12
310.76	1368.04
310.97	1509.35
311.18	1730.53
311.39	1681.38
311.60	1990.63
311.81	2437.08
312.02	3266.51
312.23	3721.16
312.44	4380.61
312.65	4968.37
312.86	5666.73
313.07	5269.42
313.28	4798.39
313.49	4509.63
313.70	3923.91
313.90	3024.85
314.11	2633.69
314.32	2209.76
314.53	1892.32
314.74	1572.84
314.95	1515.50
315.16	1355.76
315.37	1486.83
315.58	1425.39
315.79	1368.04
316.00	1384.43
316.21	1363.95
316.42	1380.33
316.62	1445.87
316.83	1343.47
317.04	1466.35
317.25	1474.54
317.46	1368.04
317.67	1343.47
317.88	1390.57
318.09	1366.00
318.30	1308.65
318.51	1384.43
318.72	1417.19
318.93	1302.51
319.13	1384.43
319.34	1404.91
319.55	1495.02
319.76	1437.67
319.97	1314.80
320.18	1306.60
320.39	1372.14
320.60	1447.91
320.81	1503.21
321.02	1409.00
321.22	1359.85
321.43	1394.67
321.64	1429.48
321.85	1378.28
322.06	1456.11
322.27	1337.32
322.48	1298.41
322.69	1288.17
322.90	1343.47
323.11	1298.41
323.31	1392.62
323.52	1343.47
323.73	1392.62
323.94	1392.62
324.15	1290.22
324.36	1353.71
324.57	1523.69
324.78	1419.24
324.98	1351.66
325.19	1406.95
325.40	1531.88
325.61	1411.05
325.82	1515.50
326.03	1359.85
326.24	1480.68
326.45	1376.24
326.65	1341.42
326.86	1271.79
327.07	1370.09
327.28	1363.95
327.49	1347.56
327.70	1277.93
327.91	1384.43
328.12	1437.67
328.32	1411.05
328.53	1441.77
328.74	1431.53
328.95	1316.84
329.16	1351.66
329.37	1384.43
329.58	1384.43
329.78	1322.99
329.99	1372.14
330.20	1370.09
330.41	1409.00
330.62	1347.56
330.83	1322.99
331.04	1456.11
331.24	1392.62
331.45	1480.68
331.66	1413.10
331.87	1339.37
332.08	1413.10
332.29	1376.24
332.49	1449.96
332.70	1429.48
332.91	1449.96
333.12	1431.53
333.33	1568.74
333.54	1632.23
333.74	1794.02
333.95	1640.42
334.16	1834.98
334.37	1679.33
334.58	1753.06
334.79	1492.97
334.99	1589.22
335.20	1466.35
335.41	1361.90
335.62	1503.21
335.83	1327.08
336.04	1380.33
336.24	1392.62
336.45	1511.40
336.66	1400.81
336.87	1288.17
337.08	1331.18
337.29	1333.23
337.49	1380.33
337.70	1368.04
337.91	1413.10
338.12	1308.65
338.33	1482.73
338.53	1208.30
338.74	1452.01
338.95	1372.14
339.16	1361.90
339.37	1511.40
339.57	1312.75
339.78	1345.52
339.99	1411.05
340.20	1343.47
340.41	1351.66
340.61	1384.43
340.82	1261.55
341.03	1277.93
341.24	1341.42
341.45	1353.71
341.65	1470.44
341.86	1361.90
342.07	1517.54
342.28	1306.60
342.49	1316.84
342.69	1425.39
342.90	1441.77
343.11	1282.03
343.32	1413.10
343.53	1458.15
343.73	1400.81
343.94	1435.63
344.15	1366.00
344.36	1396.71
344.56	1380.33
344.77	1419.24
344.98	1357.80
345.19	1411.05
345.40	1384.43
345.60	1466.35
345.81	1322.99
346.02	1404.91
346.23	1464.30
346.43	1318.89
346.64	1349.61
346.85	1325.04
347.06	1318.89
347.27	1388.52
347.47	1380.33
347.68	1374.19
347.89	1423.34
348.10	1398.76
348.30	1380.33
348.51	1384.43
348.72	1460.20
348.93	1343.47
349.13	1474.54
349.34	1304.56
349.55	1376.24
349.76	1394.67
349.96	1335.28
350.17	1378.28
350.38	1339.37
350.59	1318.89
350.79	1355.76
351.00	1468.39
351.21	1402.86
351.42	1345.52
351.62	1366.00
351.83	1359.85
352.04	1345.52
352.25	1425.39
352.45	1415.15
352.66	1425.39
352.87	1376.24
353.08	1433.58
353.28	1415.15
353.49	1282.03
353.70	1353.71
353.90	1486.83
354.11	1449.96
354.32	1351.66
354.53	1337.32
354.73	1279.98
354.94	1443.82
355.15	1298.41
355.36	1499.11
355.56	1476.59
355.77	1343.47
355.98	1390.57
356.18	1318.89
356.39	1386.47
356.60	1368.04
356.81	1361.90
357.01	1388.52
357.22	1339.37
357.43	1363.95
357.63	1415.15
357.84	1490.92
358.05	1339.37
358.26	1372.14
358.46	1476.59
358.67	1413.10
358.88	1304.56
359.08	1398.76
359.29	1411.05
359.50	1388.52
359.71	1363.95
359.91	1372.14
360.12	1390.57
360.33	1402.86
360.53	1441.77
360.74	1382.38
360.95	1312.75
361.15	1366.00
361.36	1322.99
361.57	1374.19
361.78	1411.05
361.98	1392.62
362.19	1425.39
362.40	1490.92
362.60	1331.18
362.81	1429.48
363.02	1486.83
363.22	1523.69
363.43	1634.28
363.64	1920.99
363.84	2265.05
364.05	3180.50
364.26	4562.87
364.46	6694.81
364.67	8589.18
364.88	10084.20
365.08	10811.23
365.29	10493.79
365.50	9502.58
365.70	8064.90
365.91	6637.47
366.12	5640.11
366.32	4882.36
366.53	4435.90
366.74	3692.49
366.94	3229.65
367.15	2527.19
367.36	2107.36
367.56	1998.82
367.77	1755.11
367.98	1724.39
368.18	1533.93
368.39	1581.03
368.60	1585.13
368.80	1402.86
369.01	1480.68
369.22	1452.01
369.42	1468.39
369.63	1370.09
369.84	1363.95
370.04	1509.35
370.25	1406.95
370.46	1441.77
370.66	1423.34
370.87	1279.98
371.07	1462.25
371.28	1486.83
371.49	1388.52
371.69	1382.38
371.90	1486.83
372.11	1378.28
372.31	1406.95
372.52	1400.81
372.73	1427.43
372.93	1394.67
373.14	1417.19
373.34	1357.80
373.55	1261.55
373.76	1337.32
373.96	1351.66
374.17	1507.30
374.38	1322.99
374.58	1296.36
374.79	1464.30
374.99	1421.29
375.20	1347.56
375.41	1314.80
375.61	1322.99
375.82	1470.44
376.03	1351.66
376.23	1441.77
376.44	1392.62
376.64	1435.63
376.85	1458.15
377.06	1464.30
377.26	1429.48
377.47	1322.99
377.67	1331.18
377.88	1353.71
378.09	1341.42
378.29	1388.52
378.50	1417.19
378.70	1304.56
378.91	1322.99
379.12	1363.95
379.32	1380.33
379.53	1476.59
379.73	1439.72
379.94	1511.40
380.15	1447.91
380.35	1396.71
380.56	1452.01
380.76	1458.15
380.97	1374.19
381.18	1325.04
381.38	1263.60
381.59	1353.71
381.79	1370.09
382.00	1402.86
382.21	1396.71
382.41	1368.04
382.62	1376.24
382.82	1409.00
383.03	1345.52
383.23	1437.67
383.44	1466.35
383.65	1355.76
383.85	1421.29
384.06	1347.56
384.26	1421.29
384.47	1257.45
384.67	1497.07
384.88	1462.25
385.09	1382.38
385.29	1435.63
385.50	1439.72
385.70	1439.72
385.91	1374.19
386.11	1368.04
386.32	1331.18
386.53	1411.05
386.73	1404.91
386.94	1384.43
387.14	1368.04
387.35	1398.76
387.55	1376.24
387.76	1370.09
387.96	1382.38
388.17	1382.38
388.38	1355.76
388.58	1390.57
388.79	1392.62
388.99	1396.71
389.20	1366.00
389.40	1363.95
389.61	1331.18
389.81	1458.15
390.02	1413.10
390.22	1447.91
390.43	1368.04
390.64	1374.19
390.84	1503.21
391.05	1474.54
391.25	1382.38
391.46	1421.29
391.66	1390.57
391.87	1353.71
392.07	1400.81
392.28	1460.20
392.48	1437.67
392.69	1343.47
392.89	1368.04
393.10	1394.67
393.30	1425.39
393.51	1425.39
393.71	1433.58
393.92	1361.90
394.12	1554.41
394.33	1372.14
394.54	1458.15
394.74	1325.04
394.95	1490.92
395.15	1322.99
395.36	1322.99
395.56	1335.28
395.77	1302.51
395.97	1454.06
396.18	1355.76
396.38	1409.00
396.59	1452.01
396.79	1380.33
397.00	1456.11
397.20	1462.25
397.41	1421.29
397.61	1406.95
397.82	1368.04
398.02	1347.56
398.23	1552.36
398.43	1476.59
398.64	1376.24
398.84	1347.56
399.05	1421.29
399.25	1372.14
399.46	1368.04
399.66	1310.70
399.87	1462.25
400.07	1402.86
400.28	1359.85
400.48	1419.24
400.68	1447.91
400.89	1318.89
401.09	1353.71
401.30	1329.13
401.50	1458.15
401.71	1433.58
401.91	1406.95
402.12	1411.05
402.32	1366.00
402.53	1372.14
402.73	1460.20
402.94	1560.55
403.14	1806.31
403.35	2224.09
403.55	2838.48
403.76	4265.92
403.96	6864.79
404.16	10100.58
404.37	13102.90
404.57	14219.05
404.78	14270.25
404.98	13115.19
405.19	11046.74
405.39	8759.16
405.60	6737.82
405.80	5244.85
406.01	4132.80
406.21	3342.28
406.42	2750.42
406.62	2320.35
406.82	2021.35
407.03	1933.28
407.23	2211.81
407.44	2340.83
407.64	2402.27
407.85	2291.68
408.05	2412.51
408.26	2113.50
408.46	1990.63
408.66	1855.46
408.87	1699.81
409.07	1718.25
409.28	1568.74
409.48	1470.44
409.69	1499.11
409.89	1501.16
410.09	1409.00
410.30	1394.67
410.50	1499.11
410.71	1527.78
410.91	1466.35
411.12	1361.90
411.32	1417.19
411.52	1404.91
411.73	1404.91
411.93	1331.18
412.14	1429.48
412.34	1425.39
412.55	1400.81
412.75	1366.00
412.95	1429.48
413.16	1402.86
413.36	1322.99
413.57	1386.47
413.77	1423.34
413.97	1464.30
414.18	1392.62
414.38	1378.28
414.59	1394.67
414.79	1390.57
414.99	1439.72
415.20	1535.98
415.40	1312.75
415.61	1359.85
415.81	1409.00
416.01	1355.76
416.22	1355.76
416.42	1384.43
416.63	1425.39
416.83	1368.04
417.03	1433.58
417.24	1495.02
417.44	1355.76
417.65	1468.39
417.85	1517.54
418.05	1425.39
418.26	1437.67
418.46	1411.05
418.66	1396.71
418.87	1396.71
419.07	1454.06
419.28	1390.57
419.48	1429.48
419.68	1421.29
419.89	1396.71
420.09	1472.49
420.29	1458.15
420.50	1452.01
420.70	1376.24
420.91	1329.13
421.11	1318.89
421.31	1318.89
421.52	1466.35
421.72	1454.06
421.92	1343.47
422.13	1372.14
422.33	1318.89
422.53	1339.37
422.74	1456.11
422.94	1392.62
423.15	1415.15
423.35	1339.37
423.55	1456.11
423.76	1312.75
423.96	1345.52
424.16	1423.34
424.37	1378.28
424.57	1480.68
424.77	1331.18
424.98	1406.95
425.18	1314.80
425.38	1507.30
425.59	1316.84
425.79	1392.62
425.99	1456.11
426.20	1337.32
426.40	1384.43
426.60	1398.76
426.81	1556.46
427.01	1413.10
427.21	1443.82
427.42	1351.66
427.62	1581.03
427.82	1449.96
428.03	1441.77
428.23	1337.32
428.43	1423.34
428.64	1499.11
428.84	1427.43
429.04	1466.35
429.25	1609.70
429.45	1390.57
429.65	1361.90
429.86	1413.10
430.06	1445.87
430.26	1427.43
430.47	1388.52
430.67	1460.20
430.87	1519.59
431.08	1413.10
431.28	1390.57
431.48	1425.39
431.68	1443.82
431.89	1355.76
432.09	1437.67
432.29	1523.69
432.50	1472.49
432.70	1474.54
432.90	1507.30
433.11	1423.34
433.31	1626.09
433.51	1619.94
433.72	1671.14
433.92	1650.66
434.12	2062.30
434.32	2338.78
434.53	3633.10
434.73	5836.71
434.93	9820.01
435.14	17780.46
435.34	27549.28
435.54	35532.26
435.74	38870.45
435.95	40768.91
436.15	38299.06
436.35	31583.77
436.56	25093.76
436.76	20137.68
436.96	16310.02
437.16	12724.03
437.37	9293.68
437.57	6154.15
437.77	4030.40
437.97	2772.95
438.18	2150.37
438.38	1738.73
438.58	1726.44
438.79	1742.82
438.99	1531.88
439.19	1570.79
439.39	1570.79
439.60	1513.45
439.80	1464.30
440.00	1492.97
440.20	1437.67
440.41	1458.15
440.61	1423.34
440.81	1396.71
441.01	1429.48
441.22	1427.43
441.42	1478.63
441.62	1347.56
441.82	1374.19
442.03	1417.19
442.23	1476.59
442.43	1486.83
442.63	1419.24
442.84	1429.48
443.04	1460.20
443.24	1576.94
443.44	1417.19
443.65	1449.96
443.85	1464.30
444.05	1380.33
444.25	1437.67
444.46	1380.33
444.66	1478.63
444.86	1347.56
445.06	1382.38
445.26	1550.31
445.47	1486.83
445.67	1435.63
445.87	1443.82
446.07	1425.39
446.28	1482.73
446.48	1282.03
446.68	1439.72
446.88	1378.28
447.08	1464.30
447.29	1322.99
447.49	1325.04
447.69	1402.86
447.89	1521.64
448.10	1421.29
448.30	1374.19
448.50	1390.57
448.70	1413.10
448.90	1316.84
449.11	1322.99
449.31	1435.63
449.51	1322.99
449.71	1435.63
449.91	1441.77
450.12	1404.91
450.32	1382.38
450.52	1347.56
450.72	1327.08
450.92	1443.82
451.13	1376.24
451.33	1417.19
451.53	1415.15
451.73	1392.62
451.93	1392.62
452.14	1370.09
452.34	1327.08
452.54	1388.52
452.74	1429.48
452.94	1435.63
453.14	1415.15
453.35	1437.67
453.55	1310.70
453.75	1355.76
453.95	1349.61
454.15	1327.08
454.36	1372.14
454.56	1380.33
454.76	1349.61
454.96	1396.71
455.16	1472.49
455.36	1392.62
455.57	1382.38
455.77	1441.77
455.97	1429.48
456.17	1322.99
456.37	1339.37
456.57	1384.43
456.78	1382.38
456.98	1484.78
457.18	1320.94
457.38	1445.87
457.58	1441.77
457.78	1445.87
457.98	1421.29
458.19	1421.29
458.39	1425.39
458.59	1351.66
458.79	1441.77
458.99	1312.75
459.19	1452.01
459.40	1417.19
459.60	1499.11
459.80	1384.43
460.00	1382.38
460.20	1312.75
460.40	1406.95
460.60	1404.91
460.80	1351.66
461.01	1339.37
461.21	1355.76
461.41	1409.00
461.61	1363.95
461.81	1394.67
462.01	1333.23
462.21	1318.89
462.42	1380.33
462.62	1359.85
462.82	1341.42
463.02	1331.18
463.22	1341.42
463.42	1337.32
463.62	1474.54
463.82	1419.24
464.03	1415.15
464.23	1353.71
464.43	1509.35
464.63	1429.48
464.83	1425.39
465.03	1435.63
465.23	1327.08
465.43	1333.23
465.63	1343.47
465.84	1429.48
466.04	1380.33
466.24	1427.43
466.44	1460.20
466.64	1353.71
466.84	1376.24
467.04	1374.19
467.24	1415.15
467.44	1445.87
467.64	1361.90
467.85	1288.17
468.05	1390.57
468.25	1292.27
468.45	1476.59
468.65	1449.96
468.85	1382.38
469.05	1370.09
469.25	1325.04
469.45	1361.90
469.65	1400.81
469.85	1345.52
470.05	1382.38
470.26	1382.38
470.46	1431.53
470.66	1327.08
470.86	1427.43
471.06	1312.75
471.26	1396.71
471.46	1388.52
471.66	1484.78
471.86	1368.04
472.06	1413.10
472.26	1368.04
472.46	1333.23
472.66	1456.11
472.86	1417.19
473.07	1384.43
473.27	1392.62
473.47	1277.93
473.67	1406.95
473.87	1464.30
474.07	1392.62
474.27	1404.91
474.47	1445.87
474.67	1374.19
474.87	1351.66
475.07	1339.37
475.27	1312.75
475.47	1249.26
475.67	1427.43
475.87	1247.21
476.07	1368.04
476.27	1341.42
476.47	1480.68
476.67	1357.80
476.88	1423.34
477.08	1396.71
477.28	1370.09
477.48	1325.04
477.68	1527.78
477.88	1406.95
478.08	1366.00
478.28	1400.81
478.48	1345.52
478.68	1337.32
478.88	1359.85
479.08	1320.94
479.28	1400.81
479.48	1404.91
479.68	1333.23
479.88	1347.56
480.08	1388.52
480.28	1458.15
480.48	1335.28
480.68	1435.63
480.88	1409.00
481.08	1368.04
481.28	1419.24
481.48	1415.15
481.68	1413.10
481.88	1398.76
482.08	1439.72
482.28	1298.41
482.48	1284.08
482.68	1392.62
482.88	1290.22
483.08	1380.33
483.28	1361.90
483.48	1370.09
483.68	1363.95
483.88	1331.18
484.08	1372.14
484.28	1300.46
484.48	1409.00
484.68	1454.06
484.88	1427.43
485.08	1327.08
485.28	1349.61
485.48	1386.47
485.68	1363.95
485.88	1437.67
486.08	1355.76
486.28	1310.70
486.48	1523.69
486.68	1437.67
486.88	1445.87
487.08	1402.86
487.28	1366.00
487.48	1404.91
487.68	1351.66
487.88	1392.62
488.08	1454.06
488.28	1361.90
488.48	1429.48
488.68	1361.90
488.88	1454.06
489.08	1308.65
489.28	1357.80
489.48	1464.30
489.68	1449.96
489.87	1404.91
490.07	1388.52
490.27	1409.00
490.47	1454.06
490.67	1484.78
490.87	1464.30
491.07	1605.61
491.27	1423.34
491.47	1572.84
491.67	1626.09
491.87	1570.79
492.07	1605.61
492.27	1538.02
492.47	1454.06
492.67	1478.63
492.87	1423.34
493.07	1462.25
493.27	1437.67
493.47	1343.47
493.66	1363.95
493.86	1316.84
494.06	1343.47
494.26	1398.76
494.46	1441.77
494.66	1339.37
494.86	1474.54
495.06	1372.14
495.26	1382.38
495.46	1310.70
495.66	1480.68
495.86	1363.95
496.06	1425.39
496.26	1388.52
496.45	1382.38
496.65	1320.94
496.85	1390.57
497.05	1423.34
497.25	1427.43
497.45	1339.37
497.65	1458.15
497.85	1404.91
498.05	1439.72
498.25	1372.14
498.45	1368.04
498.64	1480.68
498.84	1417.19
499.04	1411.05
499.24	1318.89
499.44	1329.13
499.64	1374.19
499.84	1417.19
500.04	1339.37
500.24	1339.37
500.44	1519.59
500.63	1415.15
500.83	1492.97
501.03	1298.41
501.23	1376.24
501.43	1370.09
501.63	1423.34
501.83	1449.96
502.03	1452.01
502.23	1341.42
502.42	1292.27
502.62	1441.77
502.82	1474.54
503.02	1331.18
503.22	1441.77
503.42	1333.23
503.62	1415.15
503.82	1251.31
504.01	1255.40
504.21	1384.43
504.41	1314.80
504.61	1400.81
504.81	1411.05
505.01	1355.76
505.21	1429.48
505.40	1376.24
505.60	1398.76
505.80	1368.04
506.00	1466.35
506.20	1310.70
506.40	1384.43
506.60	1353.71
506.79	1351.66
506.99	1343.47
507.19	1398.76
507.39	1417.19
507.59	1398.76
507.79	1421.29
507.99	1449.96
508.18	1431.53
508.38	1411.05
508.58	1224.69
508.78	1499.11
508.98	1452.01
509.18	1339.37
509.37	1443.82
509.57	1382.38
509.77	1443.82
509.97	1349.61
510.17	1388.52
510.37	1380.33
510.56	1327.08
510.76	1632.23
510.96	1374.19
511.16	1349.61
511.36	1327.08
511.56	1376.24
511.75	1329.13
511.95	1505.26
512.15	1335.28
512.35	1259.50
512.55	1409.00
512.75	1439.72
512.94	1396.71
513.14	1439.72
513.34	1329.13
513.54	1359.85
513.74	1337.32
513.93	1374.19
514.13	1376.24
514.33	1392.62
514.53	1423.34
514.73	1347.56
514.92	1363.95
515.12	1337.32
515.32	1421.29
515.52	1322.99
515.72	1374.19
515.91	1398.76
516.11	1413.10
516.31	1302.51
516.51	1398.76
516.71	1333.23
516.90	1376.24
517.10	1378.28
517.30	1413.10
517.50	1437.67
517.69	1409.00
517.89	1267.69
518.09	1292.27
518.29	1345.52
518.49	1406.95
518.68	1429.48
518.88	1382.38
519.08	1357.80
519.28	1314.80
519.47	1327.08
519.67	1296.36
519.87	1482.73
520.07	1445.87
520.27	1423.34
520.46	1372.14
520.66	1318.89
520.86	1429.48
521.06	1351.66
521.25	1286.12
521.45	1449.96
521.65	1390.57
521.85	1363.95
522.04	1390.57
522.24	1400.81
522.44	1355.76
522.64	1335.28
522.83	1337.32
523.03	1476.59
523.23	1384.43
523.43	1466.35
523.62	1382.38
523.82	1419.24
524.02	1425.39
524.22	1478.63
524.41	1396.71
524.61	1339.37
524.81	1484.78
525.01	1386.47
525.20	1372.14
525.40	1466.35
525.60	1396.71
525.80	1392.62
525.99	1376.24
526.19	1466.35
526.39	1462.25
526.58	1429.48
526.78	1378.28
526.98	1390.57
527.18	1335.28
527.37	1349.61
527.57	1398.76
527.77	1406.95
527.96	1447.91
528.16	1333.23
528.36	1300.46
528.56	1429.48
528.75	1517.54
528.95	1361.90
529.15	1310.70
529.34	1404.91
529.54	1363.95
529.74	1327.08
529.94	1304.56
530.13	1433.58
530.33	1374.19
530.53	1441.77
530.72	1452.01
530.92	1474.54
531.12	1423.34
531.31	1339.37
531.51	1318.89
531.71	1439.72
531.91	1458.15
532.10	1435.63
532.30	1345.52
532.50	1452.01
532.69	1404.91
532.89	1429.48
533.09	1427.43
533.28	1318.89
533.48	1458.15
533.68	1347.56
533.87	1343.47
534.07	1474.54
534.27	1425.39
534.46	1392.62
534.66	1335.28
534.86	1398.76
535.05	1388.52
535.25	1417.19
535.45	1411.05
535.64	1425.39
535.84	1325.04
536.04	1380.33
536.23	1320.94
536.43	1480.68
536.63	1353.71
536.82	1396.71
537.02	1337.32
537.22	1415.15
537.41	1331.18
537.61	1378.28
537.81	1411.05
538.00	1388.52
538.20	1409.00
538.40	1402.86
538.59	1404.91
538.79	1357.80
538.99	1439.72
539.18	1290.22
539.38	1527.78
539.58	1501.16
539.77	1490.92
539.97	1466.35
540.16	1560.55
540.36	1585.13
540.56	1466.35
540.75	1505.26
540.95	1445.87
541.15	1486.83
541.34	1380.33
541.54	1515.50
541.73	1484.78
541.93	1538.02
542.13	1548.26
542.32	1511.40
542.52	1495.02
542.72	1603.56
542.91	1509.35
543.11	1449.96
543.30	1490.92
543.50	1560.55
543.70	1478.63
543.89	1409.00
544.09	1521.64
544.28	1482.73
544.48	1644.52
544.68	1718.25
544.87	2136.03
545.07	4253.63
545.27	8882.04
545.46	15228.70
545.66	21980.85
545.85	27147.87
546.05	30010.93
546.25	30221.87
546.44	26850.92
546.64	22632.10
546.83	19457.75
547.03	17125.11
547.22	15363.86
547.42	13371.19
547.62	11521.87
547.81	9566.06
548.01	7718.79
548.20	6064.04
548.40	4671.42
548.60	3499.98
548.79	2813.91
548.99	2238.43
549.18	1912.80
549.38	1761.25
549.57	1564.65
549.77	1611.75
549.97	1566.70
550.16	1474.54
550.36	1294.32
550.55	1474.54
550.75	1464.30
550.94	1378.28
551.14	1417.19
551.34	1456.11
551.53	1417.19
551.73	1423.34
551.92	1409.00
552.12	1400.81
552.31	1415.15
552.51	1384.43
552.70	1398.76
552.90	1390.57
553.10	1411.05
553.29	1474.54
553.49	1351.66
553.68	1417.19
553.88	1409.00
554.07	1449.96
554.27	1343.47
554.46	1486.83
554.66	1478.63
554.85	1404.91
555.05	1435.63
555.25	1339.37
555.44	1400.81
555.64	1341.42
555.83	1361.90
556.03	1378.28
556.22	1452.01
556.42	1386.47
556.61	1359.85
556.81	1456.11
557.00	1361.90
557.20	1359.85
557.39	1353.71
557.59	1413.10
557.78	1468.39
557.98	1431.53
558.17	1343.47
558.37	1363.95
558.56	1415.15
558.76	1417.19
558.95	1425.39
559.15	1302.51
559.34	1490.92
559.54	1458.15
559.73	1363.95
559.93	1388.52
560.12	1484.78
560.32	1359.85
560.51	1392.62
560.71	1376.24
560.90	1388.52
561.10	1318.89
561.29	1388.52
561.49	1452.01
561.68	1363.95
561.88	1390.57
562.07	1402.86
562.27	1318.89
562.46	1511.40
562.66	1372.14
562.85	1263.60
563.05	1298.41
563.24	1419.24
563.44	1419.24
563.63	1353.71
563.83	1456.11
564.02	1380.33
564.22	1382.38
564.41	1316.84
564.61	1351.66
564.80	1454.06
565.00	1368.04
565.19	1339.37
565.39	1335.28
565.58	1353.71
565.77	1370.09
565.97	1296.36
566.16	1402.86
566.36	1339.37
566.55	1335.28
566.75	1318.89
566.94	1376.24
567.14	1445.87
567.33	1343.47
567.53	1363.95
567.72	1431.53
567.91	1417.19
568.11	1429.48
568.30	1349.61
568.50	1368.04
568.69	1384.43
568.89	1310.70
569.08	1331.18
569.28	1351.66
569.47	1458.15
569.66	1372.14
569.86	1411.05
570.05	1310.70
570.25	1327.08
570.44	1396.71
570.64	1519.59
570.83	1308.65
571.03	1357.80
571.22	1388.52
571.41	1482.73
571.61	1472.49
571.80	1335.28
572.00	1400.81
572.19	1327.08
572.38	1566.70
572.58	1429.48
572.77	1396.71
572.97	1468.39
573.16	1421.29
573.36	1302.51
573.55	1380.33
573.74	1437.67
573.94	1314.80
574.13	1357.80
574.33	1396.71
574.52	1329.13
574.71	1384.43
574.91	1353.71
575.10	1400.81
575.30	1310.70
575.49	1380.33
575.68	1454.06
575.88	1482.73
576.07	1992.67
576.27	2957.27
576.46	3678.15
576.65	4364.22
576.85	4976.56
577.04	5199.79
577.23	4890.55
577.43	4440.00
577.62	3862.47
577.82	3706.82
578.01	3528.65
578.20	3712.97
578.40	4286.40
578.59	4919.22
578.79	5423.02
578.98	5353.39
579.17	5410.73
579.37	5050.29
579.56	4280.25
579.75	3928.00
579.95	3375.05
580.14	3153.87
580.33	2955.22
580.53	2873.30
580.72	2619.35
580.92	2621.40
581.11	2097.12
581.30	2031.58
581.50	1763.30
581.69	1662.95
581.88	1572.84
582.08	1394.67
582.27	1306.60
582.46	1374.19
582.66	1425.39
582.85	1458.15
583.04	1406.95
583.24	1484.78
583.43	1431.53
583.62	1347.56
583.82	1435.63
584.01	1452.01
584.20	1441.77
584.40	1490.92
584.59	1464.30
584.78	1413.10
584.98	1533.93
585.17	1409.00
585.36	1419.24
585.56	1357.80
585.75	1253.36
585.94	1347.56
586.14	1374.19
586.33	1382.38
586.52	1277.93
586.72	1359.85
586.91	1392.62
587.10	1411.05
587.30	1372.14
587.49	1441.77
587.68	1396.71
587.88	1400.81
588.07	1306.60
588.26	1390.57
588.45	1349.61
588.65	1355.76
588.84	1482.73
589.03	1351.66
589.23	1402.86
589.42	1421.29
589.61	1388.52
589.81	1306.60
590.00	1306.60
590.19	1386.47
590.38	1380.33
590.58	1415.15
590.77	1396.71
590.96	1384.43
591.16	1452.01
591.35	1224.69
591.54	1302.51
591.73	1345.52
591.93	1392.62
592.12	1406.95
592.31	1386.47
592.51	1318.89
592.70	1468.39
592.89	1343.47
593.08	1310.70
593.28	1376.24
593.47	1427.43
593.66	1400.81
593.85	1421.29
594.05	1429.48
594.24	1325.04
594.43	1376.24
594.63	1433.58
594.82	1441.77
595.01	1347.56
595.20	1413.10
595.40	1413.10
595.59	1486.83
595.78	1353.71
595.97	1312.75
596.17	1427.43
596.36	1458.15
596.55	1355.76
596.74	1337.32
596.94	1343.47
597.13	1478.63
597.32	1263.60
597.51	1341.42
597.71	1372.14
597.90	1351.66
598.09	1396.71
598.28	1327.08
598.48	1298.41
598.67	1425.39
598.86	1390.57
599.05	1363.95
599.24	1394.67
599.44	1464.30
599.63	1337.32
599.82	1394.67
600.01	1306.60
600.21	1372.14
600.40	1359.85
600.59	1370.09
600.78	1370.09
600.97	1363.95
601.17	1388.52
601.36	1282.03
601.55	1392.62
601.74	1402.86
601.93	1462.25
602.13	1343.47
602.32	1388.52
602.51	1343.47
602.70	1298.41
602.90	1427.43
603.09	1429.48
603.28	1265.64
603.47	1372.14
603.66	1339.37
603.86	1343.47
604.05	1279.98
604.24	1355.76
604.43	1290.22
604.62	1415.15
604.81	1441.77
605.01	1398.76
605.20	1382.38
605.39	1417.19
605.58	1411.05
605.77	1351.66
605.97	1384.43
606.16	1347.56
606.35	1409.00
606.54	1327.08
606.73	1419.24
606.92	1325.04
607.12	1320.94
607.31	1398.76
607.50	1398.76
607.69	1449.96
607.88	1331.18
608.07	1376.24
608.27	1380.33
608.46	1447.91
608.65	1427.43
608.84	1339.37
609.03	1310.70
609.22	1427.43
609.42	1392.62
609.61	1363.95
609.80	1355.76
609.99	1462.25
610.18	1417.19
610.37	1413.10
610.57	1411.05
610.76	1396.71
610.95	1474.54
611.14	1798.12
611.33	1445.87
611.52	1460.20
611.71	1454.06
611.90	1527.78
612.10	1486.83
612.29	1482.73
612.48	1445.87
612.67	1460.20
612.86	1433.58
613.05	1423.34
613.24	1413.10
613.44	1490.92
613.63	1329.13
613.82	1398.76
614.01	1470.44
614.20	1466.35
614.39	1370.09
614.58	1327.08
614.77	1458.15
614.97	1331.18
615.16	1415.15
615.35	1343.47
615.54	1404.91
615.73	1374.19
615.92	1462.25
616.11	1419.24
616.30	1351.66
616.49	1347.56
616.68	1286.12
616.88	1425.39
617.07	1345.52
617.26	1409.00
617.45	1308.65
617.64	1310.70
617.83	1370.09
618.02	1363.95
618.21	1361.90
618.40	1423.34
618.59	1374.19
618.79	1443.82
618.98	1429.48
619.17	1492.97
619.36	1380.33
619.55	1429.48
619.74	1470.44
619.93	1298.41
620.12	1402.86
620.31	1357.80
620.50	1454.06
620.69	1382.38
620.88	1386.47
621.07	1343.47
621.27	1368.04
621.46	1386.47
621.65	1368.04
621.84	1470.44
622.03	1417.19
622.22	1312.75
622.41	1398.76
622.60	1392.62
622.79	1376.24
622.98	1355.76
623.17	1327.08
623.36	1347.56
623.55	1298.41
623.74	1351.66
623.93	1331.18
624.12	1361.90
624.31	1363.95
624.50	1462.25
624.70	1273.84
624.89	1540.07
625.08	1351.66
625.27	1310.70
625.46	1390.57
625.65	1421.29
625.84	1378.28
626.03	1396.71
626.22	1363.95
626.41	1310.70
626.60	1318.89
626.79	1435.63
626.98	1427.43
627.17	1376.24
627.36	1349.61
627.55	1372.14
627.74	1400.81
627.93	1327.08
628.12	1341.42
628.31	1296.36
628.50	1476.59
628.69	1284.08
628.88	1402.86
629.07	1425.39
629.26	1492.97
629.45	1404.91
629.64	1382.38
629.83	1300.46
630.02	1462.25
630.21	1320.94
630.40	1290.22
630.59	1380.33
630.78	1345.52
630.97	1394.67
631.16	1400.81
631.35	1359.85
631.54	1433.58
631.73	1425.39
631.92	1335.28
632.11	1339.37
632.30	1386.47
632.49	1347.56
632.68	1312.75
632.87	1277.93
633.06	1316.84
633.25	1304.56
633.44	1376.24
633.63	1294.32
633.82	1392.62
634.01	1409.00
634.20	1314.80
634.39	1398.76
634.58	1316.84
634.77	1347.56
634.96	1341.42
635.15	1333.23
635.34	1441.77
635.53	1345.52
635.72	1282.03
635.91	1361.90
636.10	1343.47
636.29	1269.74
636.47	1431.53
636.66	1357.80
636.85	1411.05
637.04	1339.37
637.23	1363.95
637.42	1353.71
637.61	1310.70
637.80	1316.84
637.99	1339.37
638.18	1320.94
638.37	1466.35
638.56	1372.14
638.75	1372.14
638.94	1327.08
639.13	1388.52
639.32	1236.97
639.51	1329.13
639.69	1314.80
639.88	1349.61
640.07	1335.28
640.26	1325.04
640.45	1265.64
640.64	1429.48
640.83	1312.75
641.02	1318.89
641.21	1363.95
641.40	1300.46
641.59	1312.75
641.78	1310.70
641.97	1392.62
642.15	1341.42
642.34	1454.06
642.53	1398.76
642.72	1396.71
642.91	1345.52
643.10	1331.18
643.29	1458.15
643.48	1265.64
643.67	1335.28
643.86	1443.82
644.05	1316.84
644.23	1380.33
644.42	1271.79
644.61	1228.78
644.80	1454.06
644.99	1282.03
645.18	1376.24
645.37	1392.62
645.56	1357.80
645.75	1355.76
645.93	1384.43
646.12	1282.03
646.31	1277.93
646.50	1329.13
646.69	1345.52
646.88	1349.61
647.07	1439.72
647.26	1314.80
647.44	1409.00
647.63	1331.18
647.82	1415.15
648.01	1277.93
648.20	1378.28
648.39	1347.56
648.58	1245.16
648.77	1478.63
648.95	1376.24
649.14	1361.90
649.33	1269.74
649.52	1269.74
649.71	1331.18
649.90	1443.82
650.09	1353.71
650.27	1261.55
650.46	1462.25
650.65	1329.13
650.84	1296.36
651.03	1339.37
651.22	1355.76
651.40	1368.04
651.59	1339.37
651.78	1363.95
651.97	1363.95
652.16	1316.84
652.35	1341.42
652.53	1417.19
652.72	1361.90
652.91	1355.76
653.10	1290.22
653.29	1359.85
653.48	1366.00
653.66	1441.77
653.85	1290.22
654.04	1343.47
654.23	1382.38
654.42	1343.47
654.61	1386.47
654.79	1294.32
654.98	1329.13
655.17	1290.22
655.36	1337.32
655.55	1345.52
655.73	1257.45
655.92	1327.08
656.11	1378.28
656.30	1322.99
656.49	1325.04
656.67	1277.93
656.86	1380.33
657.05	1458.15
657.24	1314.80
657.43	1327.08
657.61	1359.85
657.80	1355.76
657.99	1441.77
658.18	1462.25
658.37	1292.27
658.55	1298.41
658.74	1331.18
658.93	1437.67
659.12	1243.12
659.30	1370.09
659.49	1425.39
659.68	1320.94
659.87	1329.13
660.06	1347.56
660.24	1384.43
660.43	1347.56
660.62	1351.66
660.81	1382.38
660.99	1368.04
661.18	1339.37
661.37	1302.51
661.56	1363.95
661.75	1345.52
661.93	1294.32
662.12	1368.04
662.31	1314.80
662.50	1335.28
662.68	1331.18
662.87	1376.24
663.06	1339.37
663.25	1282.03
663.43	1300.46
663.62	1343.47
663.81	1325.04
664.00	1476.59
664.18	1402.86
664.37	1402.86
664.56	1236.97
664.75	1363.95
664.93	1355.76
665.12	1343.47
665.31	1339.37
665.49	1329.13
665.68	1327.08
665.87	1447.91
666.06	1392.62
666.24	1320.94
666.43	1296.36
666.62	1267.69
666.81	1327.08
666.99	1380.33
667.18	1372.14
667.37	1431.53
667.55	1390.57
667.74	1419.24
667.93	1425.39
668.12	1286.12
668.30	1312.75
668.49	1437.67
668.68	1341.42
668.86	1406.95
669.05	1282.03
669.24	1327.08
669.42	1368.04
669.61	1271.79
669.80	1462.25
669.99	1382.38
670.17	1298.41
670.36	1398.76
670.55	1366.00
670.73	1282.03
670.92	1357.80
671.11	1314.80
671.29	1445.87
671.48	1335.28
671.67	1251.31
671.85	1306.60
672.04	1439.72
672.23	1273.84
672.42	1292.27
672.60	1400.81
672.79	1374.19
672.98	1343.47
673.16	1386.47
673.35	1347.56
673.54	1353.71
673.72	1349.61
673.91	1318.89
674.10	1230.83
674.28	1388.52
674.47	1396.71
674.66	1284.08
674.84	1392.62
675.03	1322.99
675.22	1275.88
675.40	1343.47
675.59	1402.86
675.77	1339.37
675.96	1355.76
676.15	1249.26
676.33	1261.55
676.52	1302.51
676.71	1413.10
676.89	1318.89
677.08	1341.42
677.27	1306.60
677.45	1368.04
677.64	1327.08
677.83	1419.24
678.01	1308.65
678.20	1351.66
678.38	1464.30
678.57	1292.27
678.76	1378.28
678.94	1370.09
679.13	1452.01
679.32	1480.68
679.50	1361.90
679.69	1376.24
679.87	1458.15
680.06	1288.17
680.25	1460.20
680.43	1335.28
680.62	1255.40
680.81	1452.01
680.99	1335.28
681.18	1316.84
681.36	1409.00
681.55	1392.62
681.74	1243.12
681.92	1339.37
682.11	1292.27
682.29	1355.76
682.48	1429.48
682.67	1327.08
682.85	1503.21
683.04	1458.15
683.22	1282.03
683.41	1505.26
683.60	1359.85
683.78	1277.93
683.97	1404.91
684.15	1271.79
684.34	1392.62
684.52	1382.38
684.71	1357.80
684.90	1445.87
685.08	1429.48
685.27	1222.64
685.45	1302.51
685.64	1406.95
685.82	1372.14
686.01	1363.95
686.20	1263.60
686.38	1380.33
686.57	1320.94
686.75	1376.24
686.94	1394.67
687.12	1386.47
687.31	1376.24
687.50	1392.62
687.68	1337.32
687.87	1460.20
688.05	1511.40
688.24	1382.38
688.42	1339.37
688.61	1316.84
688.79	1398.76
688.98	1351.66
689.17	1396.71
689.35	1386.47
689.54	1331.18
689.72	1363.95
689.91	1337.32
690.09	1363.95
690.28	1423.34
690.46	1384.43
690.65	1470.44
690.83	1468.39
691.02	1392.62
691.20	1302.51
691.39	1400.81
691.57	1353.71
691.76	1400.81
691.95	1429.48
692.13	1370.09
692.32	1366.00
692.50	1402.86
692.69	1312.75
692.87	1308.65
693.06	1425.39
693.24	1423.34
693.43	1378.28
693.61	1286.12
693.80	1349.61
693.98	1413.10
694.17	1359.85
694.35	1282.03
694.54	1345.52
694.72	1222.64
694.91	1300.46
695.09	1343.47
695.28	1359.85
695.46	1339.37
695.65	1312.75
695.83	1363.95
696.02	1433.58
696.20	1439.72
696.39	1519.59
696.57	1415.15
696.76	1439.72
696.94	1396.71
697.13	1415.15
697.31	1388.52
697.49	1333.23
697.68	1361.90
697.86	1413.10
698.05	1378.28
698.23	1513.45
698.42	1314.80
698.60	1333.23
698.79	1388.52
698.97	1337.32
699.16	1322.99
699.34	1445.87
699.53	1318.89
699.71	1359.85
699.90	1411.05
700.08	1359.85
700.26	1382.38
700.45	1343.47
700.63	1269.74
700.82	1331.18
701.00	1376.24
701.19	1570.79
701.37	1275.88
701.56	1331.18
701.74	1380.33
701.92	1386.47
702.11	1279.98
702.29	1322.99
702.48	1361.90
702.66	1333.23
702.85	1335.28
703.03	1431.53
703.22	1282.03
703.40	1380.33
703.58	1267.69
703.77	1400.81
703.95	1341.42
704.14	1435.63
704.32	1380.33
704.50	1353.71
704.69	1331.18
704.87	1353.71
705.06	1304.56
705.24	1396.71
705.43	1355.76
705.61	1322.99
705.79	1251.31
705.98	1345.52
706.16	1501.16
706.35	1449.96
706.53	1374.19
706.71	1445.87
706.90	1366.00
707.08	1400.81
707.27	1513.45
707.45	1454.06
707.63	1349.61
707.82	1355.76
708.00	1265.64
708.19	1363.95
708.37	1409.00
708.55	1425.39
708.74	1314.80
708.92	1366.00
709.10	1347.56
709.29	1277.93
709.47	1396.71
709.66	1415.15
709.84	1370.09
710.02	1308.65
710.21	1421.29
710.39	1382.38
710.57	1429.48
710.76	1392.62
710.94	1355.76
711.13	1353.71
711.31	1372.14
711.49	1384.43
711.68	1333.23
711.86	1447.91
712.04	1320.94
712.23	1394.67
712.41	1429.48
712.59	1355.76
712.78	1335.28
712.96	1318.89
713.14	1263.60
713.33	1341.42
713.51	1318.89
713.70	1384.43
713.88	1372.14
714.06	1347.56
714.25	1417.19
714.43	1298.41
714.61	1347.56
714.80	1372.14
714.98	1273.84
715.16	1310.70
715.35	1433.58
715.53	1409.00
715.71	1355.76
715.90	1454.06
716.08	1267.69
716.26	1329.13
716.45	1404.91
716.63	1228.78
716.81	1322.99
716.99	1349.61
717.18	1232.88
717.36	1400.81
717.54	1384.43
717.73	1224.69
717.91	1322.99
718.09	1478.63
718.28	1224.69
718.46	1325.04
718.64	1286.12
718.83	1374.19
719.01	1327.08
719.19	1294.32
719.37	1368.04
719.56	1382.38
719.74	1335.28
719.92	1314.80
720.11	1331.18
720.29	1282.03
720.47	1279.98
720.65	1357.80
720.84	1452.01
721.02	1400.81
721.20	1296.36
721.39	1402.86
721.57	1431.53
721.75	1433.58
721.93	1310.70
722.12	1320.94
722.30	1343.47
722.48	1318.89
722.66	1290.22
722.85	1411.05
723.03	1382.38
723.21	1316.84
723.40	1449.96
723.58	1339.37
723.76	1359.85
723.94	1351.66
724.13	1347.56
724.31	1382.38
724.49	1384.43
724.67	1396.71
724.86	1396.71
725.04	1372.14
725.22	1312.75
725.40	1357.80
725.59	1363.95
725.77	1366.00
725.95	1409.00
726.13	1449.96
726.32	1316.84
726.50	1376.24
726.68	1335.28
726.86	1392.62
727.04	1413.10
727.23	1357.80
727.41	1423.34
727.59	1466.35
727.77	1427.43
727.96	1271.79
728.14	1306.60
728.32	1353.71
728.50	1376.24
728.68	1345.52
728.87	1286.12
729.05	1392.62
729.23	1409.00
729.41	1327.08
729.60	1361.90
729.78	1400.81
729.96	1351.66
730.14	1302.51
730.32	1378.28
730.51	1380.33
730.69	1363.95
730.87	1333.23
731.05	1345.52
731.23	1409.00
731.42	1355.76
731.60	1302.51
731.78	1296.36
731.96	1277.93
732.14	1372.14
732.32	1273.84
732.51	1353.71
732.69	1415.15
732.87	1312.75
733.05	1413.10
733.23	1331.18
733.42	1376.24
733.60	1325.04
733.78	1409.00
733.96	1421.29
734.14	1376.24
734.32	1312.75
734.51	1417.19
734.69	1437.67
734.87	1368.04
735.05	1548.26
735.23	1304.56
735.41	1351.66
735.60	1419.24
735.78	1294.32
735.96	1409.00
736.14	1423.34
736.32	1277.93
736.50	1333.23
736.68	1322.99
736.87	1396.71
737.05	1329.13
737.23	1331.18
737.41	1396.71
737.59	1300.46
737.77	1398.76
737.95	1449.96
738.14	1583.08
738.32	1449.96
738.50	1439.72
738.68	1458.15
738.86	1507.30
739.04	1474.54
739.22	1462.25
739.41	1382.38
739.59	1341.42
739.77	1400.81
739.95	1533.93
740.13	1376.24
740.31	1419.24
740.49	1253.36
740.67	1433.58
740.85	1409.00
741.04	1535.98
741.22	1320.94
741.40	1298.41
741.58	1343.47
741.76	1351.66
741.94	1357.80
742.12	1341.42
742.30	1327.08
742.48	1363.95
742.67	1255.40
742.85	1441.77
743.03	1335.28
743.21	1288.17
743.39	1320.94
743.57	1413.10
743.75	1357.80
743.93	1366.00
744.11	1208.30
744.29	1376.24
744.47	1353.71
744.65	1349.61
744.84	1265.64
745.02	1417.19
745.20	1421.29
745.38	1261.55
745.56	1361.90
745.74	1306.60
745.92	1335.28
746.10	1302.51
746.28	1339.37
746.46	1380.33
746.64	1345.52
746.82	1337.32
747.00	1394.67
747.18	1355.76
747.36	1341.42
747.55	1312.75
747.73	1335.28
747.91	1339.37
748.09	1435.63
748.27	1368.04
748.45	1398.76
748.63	1314.80
748.81	1384.43
748.99	1320.94
749.17	1232.88
749.35	1388.52
749.53	1392.62
749.71	1363.95
749.89	1363.95
750.07	1411.05
750.25	1517.54
750.43	1390.57
750.61	1415.15
750.79	1372.14
750.97	1560.55
751.15	1417.19
751.33	1613.80
751.51	1501.16
751.69	1587.18
751.87	1443.82
752.05	1535.98
752.23	1466.35
752.41	1449.96
752.59	1470.44
752.77	1439.72
752.95	1447.91
753.13	1503.21
753.31	1380.33
753.49	1454.06
753.67	1353.71
753.85	1302.51
754.03	1386.47
754.21	1243.12
754.39	1374.19
754.57	1327.08
754.75	1374.19
754.93	1429.48
755.11	1437.67
755.29	1304.56
755.47	1214.45
755.65	1335.28
755.83	1441.77
756.01	1341.42
756.19	1441.77
756.37	1265.64
756.55	1329.13
756.73	1337.32
756.91	1335.28
757.09	1384.43
757.27	1392.62
757.45	1376.24
757.63	1372.14
757.81	1314.80
757.99	1335.28
758.17	1292.27
758.35	1378.28
758.53	1333.23
758.71	1372.14
758.89	1411.05
759.07	1269.74
759.25	1435.63
759.43	1335.28
759.61	1296.36
759.79	1357.80
759.96	1345.52
760.14	1390.57
760.32	1318.89
760.50	1304.56
760.68	1325.04
760.86	1376.24
761.04	1452.01
761.22	1300.46
761.40	1251.31
761.58	1331.18
761.76	1343.47
761.94	1306.60
762.12	1310.70
762.30	1441.77
762.48	1390.57
762.65	1376.24
762.83	1492.97
763.01	1597.42
763.19	1804.26
763.37	1814.50
763.55	1814.50
763.73	1847.27
763.91	1880.04
764.09	1671.14
764.27	1589.22
764.45	1583.08
764.62	1521.64
764.80	1611.75
764.98	1490.92
765.16	1540.07
765.34	1546.22
765.52	1462.25
765.70	1411.05
765.88	1499.11
766.06	1402.86
766.24	1353.71
766.41	1484.78
766.59	1339.37
766.77	1318.89
766.95	1333.23
767.13	1306.60
767.31	1376.24
767.49	1378.28
767.67	1327.08
767.84	1327.08
768.02	1425.39
768.20	1345.52
768.38	1433.58
768.56	1351.66
768.74	1329.13
768.92	1288.17
769.10	1437.67
769.27	1398.76
769.45	1308.65
769.63	1359.85
769.81	1337.32
769.99	1302.51
770.17	1232.88
770.35	1298.41
770.52	1366.00
770.70	1357.80
770.88	1286.12
771.06	1241.07
771.24	1269.74
771.42	1419.24
771.59	1316.84
771.77	1402.86
771.95	1415.15
772.13	1394.67
772.31	1462.25
772.49	1560.55
772.66	1427.43
772.84	1474.54
773.02	1515.50
773.20	1488.87
773.38	1409.00
773.56	1384.43
773.73	1519.59
773.91	1286.12
774.09	1312.75
774.27	1363.95
774.45	1421.29
774.63	1353.71
774.80	1357.80
774.98	1331.18
775.16	1325.04
775.34	1320.94
775.52	1279.98
775.69	1316.84
775.87	1361.90
776.05	1294.32
776.23	1415.15
776.41	1269.74
776.58	1384.43
776.76	1325.04
776.94	1370.09
777.12	1355.76
777.30	1425.39
777.47	1253.36
777.65	1277.93
777.83	1304.56
778.01	1376.24
778.18	1443.82
778.36	1470.44
778.54	1357.80
778.72	1415.15
778.90	1359.85
779.07	1335.28
779.25	1341.42
779.43	1343.47
779.61	1355.76
779.78	1404.91
779.96	1333.23
780.14	1411.05
780.32	1335.28
780.49	1351.66
780.67	1298.41
780.85	1343.47
781.03	1279.98
781.20	1400.81
781.38	1351.66
781.56	1456.11
781.74	1329.13
781.91	1312.75
782.09	1277.93
782.27	1378.28
782.45	1353.71
782.62	1368.04
782.80	1318.89
782.98	1386.47
783.16	1351.66
783.33	1312.75
783.51	1243.12
783.69	1372.14
783.87	1423.34
784.04	1404.91
784.22	1370.09
784.40	1427.43
784.58	1347.56
784.75	1384.43
784.93	1372.14
785.11	1304.56
785.28	1382.38
785.46	1341.42
785.64	1308.65
785.82	1452.01
785.99	1282.03
786.17	1349.61
786.35	1359.85
786.52	1372.14
786.70	1353.71
786.88	1396.71
787.05	1265.64
787.23	1400.81
787.41	1345.52
787.59	1316.84
787.76	1310.70
787.94	1470.44
788.12	1218.54
788.29	1310.70
788.47	1316.84
788.65	1374.19
788.82	1378.28
789.00	1306.60
789.18	1275.88
789.35	1417.19
789.53	1456.11
789.71	1335.28
789.88	1327.08
790.06	1322.99
790.24	1241.07
790.41	1284.08
790.59	1302.51
790.77	1286.12
790.94	1320.94
791.12	1339.37
791.30	1361.90
791.47	1374.19
791.65	1380.33
791.83	1384.43
792.00	1359.85
792.18	1267.69
792.36	1327.08
792.53	1337.32
792.71	1320.94
792.89	1359.85
793.06	1417.19
793.24	1378.28
793.42	1331.18
793.59	1439.72
793.77	1339.37
793.94	1286.12
794.12	1359.85
794.30	1359.85
794.47	1378.28
794.65	1550.31
794.83	1363.95
795.00	1630.18
795.18	1425.39
795.36	1462.25
795.53	1359.85
795.71	1320.94
795.88	1386.47
796.06	1257.45
796.24	1402.86
796.41	1454.06
796.59	1427.43
796.76	1388.52
796.94	1329.13
797.12	1355.76
797.29	1499.11
797.47	1308.65
797.64	1355.76
797.82	1325.04
798.00	1378.28
798.17	1404.91
798.35	1351.66
798.52	1439.72
798.70	1347.56
798.88	1296.36
799.05	1298.41
799.23	1329.13
799.40	1388.52
799.58	1325.04
799.76	1341.42
799.93	1452.01
800.11	1368.04
800.28	1427.43
800.46	1380.33
800.63	1396.71
800.81	1437.67
800.99	1458.15
801.16	1490.92
801.34	1482.73
801.51	1445.87
801.69	1576.94
801.86	1490.92
802.04	1382.38
802.22	1501.16
802.39	1419.24
802.57	1294.32
802.74	1386.47
802.92	1372.14
803.09	1363.95
803.27	1271.79
803.44	1529.83
803.62	1329.13
803.79	1380.33
803.97	1386.47
804.15	1378.28
804.32	1308.65
804.50	1290.22
804.67	1437.67
804.85	1392.62
805.02	1400.81
805.20	1347.56
805.37	1411.05
805.55	1298.41
805.72	1333.23
805.90	1382.38
806.07	1351.66
806.25	1329.13
806.42	1366.00
806.60	1349.61
806.77	1265.64
806.95	1355.76
807.13	1306.60
807.30	1316.84
807.48	1372.14
807.65	1282.03
807.83	1314.80
808.00	1370.09
808.18	1368.04
808.35	1378.28
808.53	1390.57
808.70	1380.33
808.88	1347.56
809.05	1380.33
809.23	1429.48
809.40	1343.47
809.57	1378.28
809.75	1458.15
809.92	1499.11
810.10	1466.35
810.27	1476.59
810.45	1597.42
810.62	1587.18
810.80	1624.04
810.97	1695.72
811.15	1863.65
811.32	1980.39
811.50	1847.27
811.67	2037.73
811.85	1875.94
812.02	1859.56
812.20	1648.61
812.37	1460.20
812.55	1550.31
812.72	1495.02
812.89	1488.87
813.07	1437.67
813.24	1517.54
813.42	1503.21
813.59	1482.73
813.77	1427.43
813.94	1478.63
814.12	1413.10
814.29	1462.25
814.47	1441.77
814.64	1357.80
814.81	1347.56
814.99	1486.83
815.16	1271.79
815.34	1279.98
815.51	1357.80
815.69	1337.32
815.86	1357.80
816.03	1339.37
816.21	1298.41
816.38	1404.91
816.56	1368.04
816.73	1404.91
816.91	1396.71
817.08	1361.90
817.25	1376.24
817.43	1296.36
817.60	1363.95
817.78	1325.04
817.95	1325.04
818.12	1366.00
818.30	1388.52
818.47	1320.94
818.65	1402.86
818.82	1310.70
818.99	1443.82
819.17	1337.32
819.34	1351.66
819.52	1327.08
819.69	1312.75
819.86	1316.84
820.04	1284.08
820.21	1298.41
820.39	1347.56
820.56	1282.03
820.73	1249.26
820.91	1398.76
821.08	1302.51
821.25	1335.28
821.43	1384.43
821.60	1269.74
821.78	1345.52
821.95	1308.65
822.12	1363.95
822.30	1419.24
822.47	1353.71
822.64	1327.08
822.82	1378.28
822.99	1347.56
823.17	1380.33
823.34	1263.60
823.51	1318.89
823.69	1447.91
823.86	1314.80
824.03	1335.28
824.21	1279.98
824.38	1386.47
824.55	1335.28
824.73	1372.14
824.90	1277.93
825.07	1286.12
825.25	1439.72
825.42	1411.05
825.59	1294.32
825.77	1312.75
825.94	1347.56
826.11	1406.95
826.29	1417.19
826.46	1370.09
826.63	1331.18
826.81	1341.42
826.98	1396.71
827.15	1406.95
827.33	1341.42
827.50	1314.80
827.67	1427.43
827.85	1431.53
828.02	1269.74
828.19	1359.85
828.36	1314.80
828.54	1345.52
828.71	1249.26
828.88	1286.12
829.06	1478.63
829.23	1429.48
829.40	1386.47
829.58	1341.42
829.75	1257.45
829.92	1431.53
830.09	1349.61
830.27	1355.76
830.44	1368.04
830.61	1380.33
830.79	1388.52
830.96	1394.67
831.13	1439.72
831.30	1288.17
831.48	1263.60
831.65	1265.64
831.82	1265.64
832.00	1306.60
832.17	1423.34
832.34	1286.12
832.51	1292.27
832.69	1339.37
832.86	1228.78
833.03	1275.88
833.20	1310.70
833.38	1318.89
833.55	1306.60
833.72	1351.66
833.89	1312.75
834.07	1316.84
834.24	1374.19
834.41	1253.36
834.58	1302.51
834.76	1347.56
834.93	1417.19
835.10	1269.74
835.27	1343.47
835.45	1378.28
835.62	1257.45
835.79	1308.65
835.96	1320.94
836.14	1341.42
836.31	1298.41
836.48	1267.69
836.65	1314.80
836.83	1380.33
837.00	1374.19
837.17	1271.79
837.34	1255.40
837.51	1302.51
837.69	1353.71
837.86	1271.79
838.03	1261.55
838.20	1318.89
838.37	1374.19
838.55	1286.12
838.72	1284.08
838.89	1325.04
839.06	1339.37
839.23	1314.80
839.41	1304.56
839.58	1269.74
839.75	1314.80
839.92	1261.55
840.09	1282.03
840.27	1409.00
840.44	1456.11
840.61	1298.41
840.78	1339.37
840.95	1386.47
841.13	1400.81
841.30	1265.64
841.47	1327.08
841.64	1421.29
841.81	1423.34
841.98	1394.67
842.16	1409.00
842.33	1611.75
842.50	1474.54
842.67	1437.67
842.84	1337.32
843.01	1396.71
843.19	1427.43
843.36	1378.28
843.53	1353.71
843.70	1464.30
843.87	1425.39
844.04	1271.79
844.22	1349.61
844.39	1413.10
844.56	1419.24
844.73	1316.84
844.90	1292.27
845.07	1406.95
845.24	1335.28
845.42	1290.22
845.59	1396.71
845.76	1400.81
845.93	1282.03
846.10	1327.08
846.27	1341.42
846.44	1370.09
846.62	1355.76
846.79	1298.41
846.96	1236.97
847.13	1396.71
847.30	1370.09
847.47	1267.69
847.64	1218.54
847.81	1368.04
847.98	1363.95
848.16	1261.55
848.33	1302.51
848.50	1384.43
848.67	1316.84
848.84	1267.69
849.01	1378.28
849.18	1284.08
849.35	1333.23
849.52	1273.84
849.70	1296.36
849.87	1409.00
850.04	1394.67
850.21	1322.99
850.38	1284.08
850.55	1339.37
850.72	1392.62
850.89	1327.08
851.06	1333.23
851.23	1380.33
851.40	1425.39
851.57	1378.28
851.75	1372.14
851.92	1265.64
852.09	1296.36
852.26	1265.64
852.43	1394.67
852.60	1433.58
852.77	1376.24
852.94	1343.47
853.11	1359.85
853.28	1341.42
853.45	1322.99
853.62	1335.28
853.79	1347.56
853.96	1347.56
854.13	1359.85
854.30	1290.22
854.48	1236.97
854.65	1400.81
854.82	1456.11
854.99	1218.54
855.16	1347.56
855.33	1384.43
855.50	1435.63
855.67	1275.88
855.84	1241.07
856.01	1310.70
856.18	1341.42
856.35	1325.04
856.52	1218.54
856.69	1366.00
856.86	1372.14
857.03	1341.42
857.20	1214.45
857.37	1390.57
857.54	1363.95
857.71	1286.12
857.88	1255.40
858.05	1402.86
858.22	1347.56
858.39	1269.74
858.56	1286.12
858.73	1318.89
858.90	1394.67
859.07	1331.18
859.24	1275.88
859.41	1314.80
859.58	1355.76
859.75	1236.97
859.92	1249.26
860.09	1472.49
860.26	1325.04
860.43	1312.75
860.60	1261.55
860.77	1386.47
860.94	1273.84
861.11	1257.45
861.28	1400.81
861.45	1325.04
861.62	1363.95
861.79	1331.18
861.96	1269.74
862.13	1384.43
862.30	1411.05
862.47	1290.22
862.64	1349.61
862.81	1318.89
862.98	1341.42
863.15	1329.13
863.32	1322.99
863.49	1427.43
863.66	1398.76
863.82	1298.41
863.99	1329.13
864.16	1394.67
864.33	1361.90
864.50	1273.84
864.67	1314.80
864.84	1339.37
865.01	1454.06
865.18	1234.93
865.35	1286.12
865.52	1374.19
865.69	1396.71
865.86	1224.69
866.03	1386.47
866.20	1355.76
866.37	1349.61
866.54	1298.41
866.70	1353.71
866.87	1314.80
867.04	1331.18
867.21	1208.30
867.38	1257.45
867.55	1482.73
867.72	1392.62
867.89	1335.28
868.06	1282.03
868.23	1429.48
868.40	1431.53
868.56	1228.78
868.73	1322.99
868.90	1322.99
869.07	1353.71
869.24	1269.74
869.41	1232.88
869.58	1290.22
869.75	1349.61
869.92	1255.40
870.09	1302.51
870.25	1384.43
870.42	1363.95
870.59	1351.66
870.76	1257.45
870.93	1347.56
871.10	1347.56
871.27	1273.84
871.44	1368.04
871.60	1374.19
871.77	1361.90
871.94	1261.55
872.11	1308.65
872.28	1400.81
872.45	1435.63
872.62	1302.51
872.79	1341.42
872.95	1368.04
873.12	1478.63
873.29	1222.64
873.46	1296.36
873.63	1384.43
873.80	1372.14
873.96	1343.47
874.13	1329.13
874.30	1445.87
874.47	1435.63
874.64	1263.60
874.81	1300.46
874.98	1361.90
875.14	1343.47
875.31	1302.51
875.48	1286.12
875.65	1370.09
875.82	1339.37
875.99	1298.41
876.15	1230.83
876.32	1433.58
876.49	1341.42
876.66	1265.64
876.83	1306.60
876.99	1312.75
877.16	1241.07
877.33	1316.84
877.50	1298.41
877.67	1322.99
877.83	1415.15
878.00	1327.08
878.17	1263.60
878.34	1257.45
878.51	1378.28
878.68	1290.22
878.84	1263.60
879.01	1380.33
879.18	1447.91
879.35	1263.60
879.51	1306.60
879.68	1486.83
879.85	1273.84
880.02	1253.36
880.19	1331.18
880.35	1333.23
880.52	1431.53
880.69	1312.75
880.86	1247.21
881.02	1333.23
881.19	1325.04
881.36	1202.16
881.53	1339.37
881.70	1437.67
881.86	1366.00
882.03	1310.70
882.20	1185.77
882.37	1318.89
882.53	1437.67
882.70	1269.74
882.87	1316.84
883.04	1269.74
883.20	1351.66
883.37	1277.93
883.54	1282.03
883.71	1273.84
883.87	1337.32
884.04	1275.88
884.21	1288.17
884.38	1429.48
884.54	1445.87
884.71	1308.65
884.88	1263.60
885.05	1409.00
885.21	1390.57
885.38	1314.80
885.55	1308.65
885.71	1396.71
885.88	1288.17
886.05	1308.65
886.22	1296.36
886.38	1327.08