10.0600     5.63000e-005
10.0700     5.77000e-005
10.0900     5.77000e-005
10.1100     5.79000e-005
10.1400     5.86000e-005
10.1600     5.86000e-005
10.1800     5.91000e-005
10.2100     5.93000e-005
10.2300     6.07000e-005
10.2600     5.98000e-005
10.2800     6.02000e-005
10.2900     6.10000e-005
10.3300     6.14000e-005
10.3400     6.16000e-005
10.3600     6.30000e-005
10.3800     6.21000e-005
10.4100     6.38000e-005
10.4300     6.38000e-005
10.4600     6.49000e-005
10.4800     6.52000e-005
10.5000     6.59000e-005
10.5300     6.58000e-005
10.5500     6.54000e-005
10.5700     6.66000e-005
10.6000     6.72000e-005
10.6100     6.77000e-005
10.6300     6.77000e-005
10.6700     6.84000e-005
10.6800     6.91000e-005
10.7200     6.93000e-005
10.7300     6.96000e-005
10.7500     7.05000e-005
10.7800     7.10000e-005
10.7900     7.17000e-005
10.8200     7.17000e-005
10.8500     7.24000e-005
10.8700     7.15000e-005
10.8800     7.29000e-005
10.9200     7.41000e-005
10.9300     7.38000e-005
10.9500     7.38000e-005
10.9800     7.45000e-005
11.0000     7.52000e-005
11.0300     7.50000e-005
11.0500     7.59000e-005
11.0700     7.78000e-005
11.1000     7.69000e-005
11.1100     7.75000e-005
11.1300     7.89000e-005
11.1700     7.96000e-005
11.1900     7.89000e-005
11.2000     8.04000e-005
11.2400     8.06000e-005
11.2600     8.06000e-005
11.2700     8.13000e-005
11.3000     8.15000e-005
11.3200     8.32000e-005
11.3400     8.24000e-005
11.3700     8.27000e-005
11.3800     8.27000e-005
11.4100     8.36000e-005
11.4400     8.48000e-005
11.4600     8.41000e-005
11.4900     8.52000e-005
11.5100     8.59000e-005
11.5200     8.62000e-005
11.5500     8.73000e-005
11.5700     8.66000e-005
11.5900     8.76000e-005
11.6200     8.83000e-005
11.6400     8.83000e-005
11.6500     8.88000e-005
11.6900     8.97000e-005
11.7000     8.99000e-005
11.7200     9.11000e-005
11.7600     9.02000e-005
11.7700     9.15000e-005
11.7900     9.23000e-005
11.8200     9.27000e-005
11.8400     9.30000e-005
11.8700     9.35000e-005
11.8900     9.41000e-005
11.9000     9.46000e-005
11.9400     9.48000e-005
11.9500     9.46000e-005
11.9700     9.56000e-005
12.0100     9.63000e-005
12.0200     9.70000e-005
12.0400     9.70000e-005
12.0800     9.76000e-005
12.0900     9.79000e-005
12.1200     9.88000e-005
12.1400     9.97000e-005
12.1500     9.95000e-005
12.1900     9.98000e-005
12.2000     0.000100900
12.2300     0.000101100
12.2600     0.000101800
12.2800     0.000101900
12.2900     0.000102100
12.3100     0.000103300
12.3400     0.000103300
12.3600     0.000104200
12.3900     0.000104600
12.4000     0.000105400
12.4200     0.000104600
12.4600     0.000105800
12.4700     0.000106000
12.4800     0.000107500
12.5200     0.000107000
12.5400     0.000108600
12.5700     0.000107200
12.5900     0.000108900
12.6100     0.000108600
12.6400     0.000110900
12.6600     0.000110500
12.6800     0.000110900
12.7100     0.000112100
12.7200     0.000111200
12.7400     0.000113300
12.7800     0.000113500
12.7900     0.000113500
12.8100     0.000113800
12.8400     0.000114700
12.8600     0.000115700
12.8700     0.000114900
12.9100     0.000116600
12.9200     0.000117000
12.9600     0.000117000
12.9700     0.000117500
12.9900     0.000118400
13.0300     0.000119600
13.0500     0.000120300
13.0600     0.000120600
13.0900     0.000119900
13.1100     0.000121200
13.1200     0.000121900
13.1600     0.000121200
13.1700     0.000123600
13.2100     0.000123800
13.2200     0.000124500
13.2400     0.000124300
13.2700     0.000126800
13.2900     0.000125900
13.3100     0.000127100
13.3200     0.000127500
13.3600     0.000127300
13.3800     0.000127500
13.4100     0.000129600
13.4300     0.000129600
13.4400     0.000130100
13.4800     0.000130900
13.4900     0.000131600
13.5100     0.000132700
13.5500     0.000134300
13.5600     0.000133400
13.5300     0.000134100
13.6100     0.000135000
13.6200     0.000136000
13.6400     0.000136700
13.6800     0.000137800
13.6900     0.000138300
13.7300     0.000139700
13.7400     0.000139700
13.7600     0.000140600
13.7900     0.000142100
13.8100     0.000141400
13.8200     0.000142500
13.8600     0.000143700
13.8700     0.000143500
13.8900     0.000143900
13.9300     0.000146500
13.9300     0.000146500
13.9600     0.000148200
13.9900     0.000147200
14.0000     0.000148800
14.0400     0.000149600
14.0600     0.000150000
14.0800     0.000151600
14.1100     0.000151600
14.1300     0.000152600
14.1400     0.000154000
14.1800     0.000154000
14.1900     0.000156600
14.2100     0.000154700
14.2400     0.000156300
14.2600     0.000157200
14.2700     0.000157300
14.3100     0.000158200
14.3200     0.000158900
14.3400     0.000159800
14.3700     0.000161400
14.3900     0.000161000
14.4200     0.000161000
14.4400     0.000163800
14.4600     0.000163300
14.4900     0.000164900
14.5100     0.000165900
14.5200     0.000165400
14.5600     0.000167500
14.5800     0.000168700
14.5800     0.000168900
14.6200     0.000169700
14.6300     0.000170400
14.6600     0.000172400
14.6900     0.000172400
14.7000     0.000173800
14.7200     0.000175000
14.7600     0.000175700
14.7700     0.000175900
14.8100     0.000176900
14.8300     0.000177800
14.8400     0.000179400
14.8700     0.000180100
14.8900     0.000181100
14.9100     0.000182300
14.9400     0.000182700
14.9500     0.000183400
14.9700     0.000185000
15.0100     0.000185600
15.0200     0.000186900
15.0600     0.000188100
15.0700     0.000189100
15.0900     0.000189100
15.1200     0.000190900
15.1400     0.000192500
15.1500     0.000193700
15.1700     0.000194600
15.2000     0.000195100
15.2200     0.000197500
15.2600     0.000199300
15.2700     0.000198600
15.2900     0.000200500
15.3300     0.000202100
15.3400     0.000203500
15.3600     0.000204000
15.3900     0.000205400
15.4100     0.000207500
15.4200     0.000208700
15.4600     0.000211200
15.4800     0.000212900
15.5100     0.000213800
15.5200     0.000214000
15.5400     0.000216400
15.5700     0.000217600
15.5900     0.000218000
15.6000     0.000220300
15.6400     0.000221700
15.6600     0.000222900
15.6700     0.000225300
15.7100     0.000226200
15.7200     0.000227200
15.7400     0.000228600
15.7700     0.000229500
15.7800     0.000232300
15.8200     0.000232700
15.8300     0.000234200
15.8500     0.000236000
15.8900     0.000237200
15.9000     0.000238600
15.9200     0.000240700
15.9600     0.000242100
15.9700     0.000243500
15.9800     0.000246100
16.0200     0.000246600
16.0400     0.000247700
16.0500     0.000250800
16.0900     0.000251700
16.1000     0.000252800
16.1300     0.000255200
16.1600     0.000258700
16.1700     0.000259400
16.1900     0.000260100
16.2200     0.000261700
16.2400     0.000263600
16.2500     0.000266000
16.2900     0.000266900
16.3000     0.000269400
16.3400     0.000271300
16.3600     0.000273000
16.3700     0.000274400
16.4000     0.000275700
16.4200     0.000277800
16.4300     0.000279700
16.4700     0.000281900
16.4900     0.000284000
16.5100     0.000286100
16.5400     0.000287400
16.5600     0.000289300
16.5700     0.000291200
16.6000     0.000294200
16.6200     0.000295400
16.6400     0.000298400
16.6700     0.000300600
16.6900     0.000302900
16.7200     0.000303800
16.7400     0.000306400
16.7500     0.000309000
16.7900     0.000312000
16.8000     0.000314100
16.8200     0.000316200
16.8600     0.000318800
16.8700     0.000323900
16.8900     0.000325800
16.9200     0.000328600
16.9400     0.000331100
16.9500     0.000334000
16.9900     0.000336800
17.0000     0.000340000
17.0400     0.000344500
17.0600     0.000347100
17.0700     0.000350500
17.1000     0.000355000
17.1200     0.000358800
17.1400     0.000362500
17.1700     0.000367400
17.1800     0.000373700
17.2000     0.000378900
17.2300     0.000640000
17.2600     0.000658900
17.2900     0.000672200
17.3000     0.000686200
17.3200     0.000700500
17.3500     0.000713300
17.3600     0.000726400
17.3900     0.000735300
17.4200     0.000744500
17.4400     0.000754700
17.4500     0.000763600
17.4800     0.000772300
17.5000     0.000779200
17.5200     0.000786700
17.5500     0.000794000
17.5700     0.000800000
17.5800     0.000812200
17.6200     0.000817100
17.6300     0.000823900
17.6500     0.000830700
17.6900     0.000836100
17.7000     0.000842100
17.7300     0.000848700
17.7500     0.000853600
17.7700     0.000859900
17.8000     0.000865300
17.8200     0.000870900
17.8300     0.000877000
17.8700     0.000881900
17.8800     0.000886500
17.9000     0.000892900
17.9300     0.000896400
17.9500     0.000902400
17.9600     0.000907300
18.0000     0.000912700
18.0100     0.000916700
18.0500     0.000921200
18.0600     0.000927500
18.0800     0.000930700
18.1200     0.000936100
18.1300     0.000939900
18.1500     0.000944500
18.1800     0.000948000
18.2000     0.000953200
18.2200     0.000957900
18.2500     0.000963000
18.2600     0.000967000
18.2800     0.000970900
18.3200     0.000978200
18.3300     0.000982600
18.3700     0.000986800
18.3800     0.000990300
18.3900     0.000993900
18.4300     0.000999500
18.4400     0.00100270
18.4700     0.00100790
18.5000     0.00101120
18.5200     0.00101580
18.5300     0.00101960
18.5600     0.00102400
18.5800     0.00102870
18.5900     0.00103130
18.6300     0.00103590
18.6500     0.00103920
18.6600     0.00104370
18.7000     0.00104670
18.7200     0.00105020
18.7300     0.00105620
18.7600     0.00105900
18.7800     0.00106260
18.8000     0.00106680
18.8300     0.00107120
18.8500     0.00107450
18.8800     0.00107840
18.8900     0.00108180
18.9100     0.00108690
18.9400     0.00109040
18.9600     0.00109460
18.9800     0.00109720
19.0200     0.00110180
19.0300     0.00110580
19.0500     0.00111030
19.0800     0.00111510
19.1000     0.00111980
19.1100     0.00112200
19.1500     0.00112690
19.1700     0.00113130
19.2000     0.00113380
19.2200     0.00113860
19.2300     0.00114410
19.2700     0.00114740
19.2800     0.00115070
19.3000     0.00115490
19.3400     0.00115890
19.3400     0.00116330
19.3700     0.00116680
19.4000     0.00117050
19.4100     0.00117640
19.4500     0.00117850
19.4600     0.00118230
19.4800     0.00118740
19.4900     0.00119210
19.5400     0.00119560
19.5500     0.00119950
19.5600     0.00120440
19.6000     0.00120800
19.6100     0.00121310
19.6500     0.00121750
19.6600     0.00122110
19.6800     0.00122570
19.7100     0.00123130
19.7300     0.00123370
19.7500     0.00123950
19.7800     0.00124700
19.8000     0.00125190
19.8300     0.00125700
19.8500     0.00126030
19.8600     0.00126550
19.8800     0.00127010
19.9200     0.00127670
19.9300     0.00128140
19.9400     0.00128670
19.9800     0.00129280
20.0000     0.00129800
