0.14   81.68
0.29   81.60
0.43   81.68
0.57   81.76
0.71   81.92
0.86   82.00
1.00   82.08
1.14   82.08
1.29   82.08
1.43   82.08
1.57   82.08
1.71   82.08
1.86   82.16
2.00   82.08
2.14   82.16
2.29   82.08
2.43   82.08
2.57   82.08
2.71   82.08
2.86   82.08
3.00   82.08
3.14   82.08
3.29   82.08
3.43   82.08
3.57   82.08
3.71   82.08
3.86   82.08
4.00   82.08
4.14   82.08
4.29   82.08
4.43   82.08
4.57   82.08
4.71   82.08
4.86   82.08
5.00   82.08
5.14   82.08
5.29   82.08
5.43   82.08
5.57   82.08
5.71   82.08
5.86   82.08
6.00   82.08
6.14   82.08
6.29   82.08
6.43   82.08
6.57   82.08
6.71   82.08
6.86   82.08
7.00   82.08
7.14   82.08
7.29   82.08
7.43   82.08
7.57   82.08
7.71   82.08
7.86   82.16
8.00   82.16
8.14   82.08
8.29   82.08
8.43   82.16
8.57   82.08
8.71   82.16
8.86   82.16
9.00   82.16
9.14   82.16
9.29   82.16
9.43   82.16
9.57   82.16
9.71   82.16
9.86   82.16
10.00   82.16
10.14   82.16
10.29   82.16
10.43   82.16
10.57   82.16
10.71   82.16
10.86   82.16
11.00   82.24
11.14   82.16
11.29   82.16
11.43   82.24
11.57   82.24
11.71   82.24
11.86   82.24
12.00   82.32
12.14   82.32
12.29   82.32
12.43   82.32
12.57   82.32
12.71   82.32
12.86   82.32
13.00   82.32
13.14   82.32
13.29   82.40
13.43   82.40
13.57   82.48
13.71   82.56
13.86   82.72
14.00   82.96
14.14   83.44
14.29   83.92
14.43   84.48
14.57   85.21
14.71   86.01
14.86   86.81
15.00   87.61
15.14   88.41
15.29   89.29
15.43   90.10
15.57   90.74
15.71   91.38
15.86   92.02
16.00   92.66
16.14   93.30
16.29   93.78
16.43   94.26
16.57   94.74
16.71   95.23
16.86   95.71
17.00   96.19
17.14   96.59
17.29   96.91
17.43   97.39
17.57   97.71
17.71   98.11
17.86   98.51
18.00   98.83
18.14   99.15
18.29   99.39
18.43   99.63
18.57   99.71
18.71   99.87
18.86   99.87
19.00   99.96
19.14   99.96
19.29   100.04
19.43   100.04
19.57   100.04
19.71   99.87
19.86   99.79
20.00   99.71
20.14   99.63
20.29   99.47
20.43   99.23
20.57   99.07
20.71   98.91
20.86   98.75
21.00   98.59
21.14   98.59
21.29   98.35
21.43   98.11
21.57   97.95
21.71   97.79
21.86   97.55
22.00   97.31
22.14   96.99
22.29   96.67
22.43   96.35
22.57   96.11
22.71   95.71
22.86   95.39
23.00   94.91
23.14   94.58
23.29   94.10
23.43   93.62
23.57   93.14
23.71   92.58
23.86   92.10
24.00   91.62
24.14   91.06
24.29   90.50
24.43   89.94
24.57   89.37
24.71   88.81
24.86   88.33
25.00   87.69
25.14   87.05
25.29   86.57
25.43   85.93
25.57   85.37
25.71   84.81
25.86   84.16
26.00   83.60
26.14   83.04
26.29   82.48
26.43   81.92
26.57   81.36
26.71   80.72
26.86   80.24
27.00   79.60
27.14   79.11
27.29   78.55
27.43   78.07
27.57   77.51
27.71   76.95
27.86   76.47
28.00   75.99
28.14   75.43
28.29   74.95
28.43   74.47
28.57   73.98
28.71   73.50
28.86   73.02
29.00   72.62
29.14   72.22
29.29   71.74
29.43   71.26
29.57   70.86
29.71   70.46
29.86   69.98
30.00   69.58
30.14   69.17
30.29   68.85
30.43   68.45
30.57   68.05
30.71   67.81
30.86   67.57
31.00   67.41
31.14   67.49
31.29   67.65
31.43   67.81
31.57   68.21
31.71   68.61
31.86   69.17
32.00   69.66
32.14   70.22
32.29   70.70
32.43   71.18
32.57   71.74
32.71   72.22
32.86   72.70
33.00   73.10
33.14   73.66
33.29   74.14
33.43   74.63
33.57   75.27
33.71   75.83
33.86   76.47
34.00   77.03
34.14   77.67
34.29   78.31
34.43   78.95
34.57   79.52
34.71   80.16
34.86   80.80
35.00   81.44
35.14   82.08
35.29   82.72
35.43   83.28
35.57   83.84
35.71   84.40
35.86   84.97
36.00   85.53
36.14   86.09
36.29   86.65
36.43   87.13
36.57   87.69
36.71   88.25
36.86   88.89
37.00   89.37
37.14   89.86
37.29   90.34
37.43   90.90
37.57   91.38
37.71   91.78
37.86   92.26
38.00   92.74
38.14   93.30
38.29   93.70
38.43   94.18
38.57   94.58
38.71   94.99
38.86   95.39
39.00   95.71
39.14   96.11
39.29   96.35
39.43   96.59
39.57   96.83
39.71   97.07
39.86   97.23
40.00   97.39
40.14   97.47
40.29   97.55
40.43   97.55
40.57   97.55
40.71   97.47
40.86   97.47
41.00   97.31
41.14   97.31
41.29   96.99
41.43   96.83
41.57   96.59
41.71   96.19
41.86   95.95
42.00   95.63
42.14   95.15
42.29   94.74
42.43   94.34
42.57   93.86
42.71   93.46
42.86   92.82
43.00   92.34
43.14   91.70
43.29   91.06
43.43   90.58
43.57   89.86
43.71   89.21
43.86   88.49
44.00   87.85
44.14   87.21
44.29   86.41
44.43   85.61
44.57   84.81
44.71   84.08
44.86   83.36
45.00   82.56
45.14   81.76
45.29   80.80
45.43   80.00
45.57   79.19
45.71   78.31
45.86   77.43
46.00   76.55
46.14   75.67
46.29   74.79
46.43   73.82
46.57   72.94
46.71   71.98
46.86   71.02
47.00   70.06
47.14   69.17
47.29   68.13
47.43   67.17
47.57   66.13
47.71   65.25
47.86   64.37
48.00   63.48
48.14   62.68
48.29   61.72
48.43   61.08
48.57   60.36
48.71   59.64
48.86   59.16
49.00   58.51
49.14   57.95
49.29   57.47
49.43   56.83
49.57   56.35
49.71   55.79
49.86   55.07
50.00   54.51
50.14   53.95
50.29   53.38
50.43   52.98
50.57   52.50
50.71   52.18
50.86   51.78
51.00   51.38
51.14   51.06
51.29   50.74
51.43   50.42
51.57   50.10
51.71   49.78
51.86   49.54
52.00   49.22
52.14   49.06
52.29   48.74
52.43   48.57
52.57   48.41
52.71   48.17
52.86   48.01
53.00   47.85
53.14   47.69
53.29   47.61
53.43   47.53
53.57   47.37
53.71   47.37
53.86   47.29
54.00   47.21
54.14   47.21
54.29   47.21
54.43   47.29
54.57   47.21
54.71   47.21
54.86   47.21
55.00   47.37
55.14   47.37
55.29   47.53
55.43   47.53
55.57   47.77
55.71   47.93
55.86   48.09
56.00   48.17
56.14   48.33
56.29   48.49
56.43   48.65
56.57   48.74
56.71   48.90
56.86   49.14
57.00   49.22
57.14   49.38
57.29   49.54
57.43   49.70
57.57   49.86
57.71   50.02
57.86   50.10
58.00   50.26
58.14   50.34
58.29   50.42
58.43   50.50
58.57   50.58
58.71   50.66
58.86   50.66
59.00   50.66
59.14   50.82
59.29   50.82
59.43   50.82
59.57   50.82
59.71   50.74
59.86   50.66
60.00   50.66
60.14   50.58
60.29   50.50
60.43   50.34
60.57   50.18
60.71   50.02
60.86   49.86
61.00   49.70
61.14   49.46
61.29   49.22
61.43   48.90
61.57   48.74
61.71   48.41
61.86   48.09
62.00   47.77
62.14   47.45
62.29   47.13
62.43   46.65
62.57   46.25
62.71   45.85
62.86   45.37
63.00   44.97
63.14   44.49
63.29   44.01
63.43   43.44
63.57   42.96
63.71   42.32
63.86   41.68
64.00   41.12
64.14   40.48
64.29   39.76
64.43   39.12
64.57   38.48
64.71   37.83
64.86   37.03
65.00   36.23
65.14   35.59
65.29   34.87
65.43   34.07
65.57   33.35
65.71   32.62
65.86   31.90
66.00   31.18
66.14   30.46
66.29   29.66
66.43   28.86
66.57   28.05
66.71   27.25
66.86   26.45
67.00   25.57
67.14   24.61
67.29   23.73
67.43   22.92
67.57   22.04
67.71   21.16
67.86   20.36
68.00   19.48
68.14   18.52
68.29   17.79
68.43   16.91
68.57   16.03
68.71   15.15
68.86   14.35
69.00   13.47
69.14   12.58
69.29   11.70
69.43   10.82
69.57   10.02
69.71   9.06
69.86   8.18
70.00   7.29
70.14   6.41
70.29   5.61
70.43   4.65
70.57   3.77
70.71   2.97
70.86   2.57
71.00   2.48
71.14   2.40
71.29   2.32
71.43   2.24
71.57   2.24
71.71   2.24
71.86   2.16
72.00   2.08
72.14   2.08
72.29   2.08
72.43   2.08
72.57   2.08
72.71   2.08
72.86   2.00
73.00   1.92
73.14   1.92
73.29   1.92
73.43   1.92
73.57   1.92
73.71   1.92
73.86   1.92
74.00   1.92
74.14   1.92
74.29   1.92
74.43   1.84
74.57   1.92
74.71   1.92
74.86   1.76
75.00   1.76
75.14   1.76
75.29   1.76
75.43   1.76
75.57   1.76
75.71   1.76
75.86   1.76
76.00   1.76
76.14   1.76
76.29   1.76
76.43   1.76
76.57   1.76
76.71   1.76
76.86   1.76
77.00   1.76
77.14   1.76
77.29   1.76
77.43   1.76
77.57   1.76
77.71   1.68
77.86   1.60
78.00   1.68
78.14   1.60
78.29   1.60
78.43   1.60
78.57   1.60
78.71   1.60
78.86   1.60
79.00   1.60
79.14   1.60
79.29   1.60
79.43   1.60
79.57   1.60
79.71   1.60
79.86   1.60
80.00   1.60
